 1001  1 14 3.75 4.00 4.00 4.00 4.00 4.00 3.40 4.00 2.80 3.00 4.00 4.00 4.00 3.75 4.00 4.00 4.00 3.60 4.00 3.60 3.80 4.00 3.80 3.80 4.00 3.75 3.75 4.00 4.00 4.00 3.80 4.00 3.60 4.00 3.60 3.80 4.00 4.00 4.00 3.80 4.00 3.80 3.60 4.00 3.60 4.00 3.80 4.00 3.40
 1002  1 14 2.75 2.75 3.00 3.00 3.80 3.40 3.80 4.00 3.00 2.33 2.60 2.75 3.00 3.25 3.00 4.00 3.20 3.80 4.00 3.40 3.00 3.00 4.00 4.00 3.00 3.75 4.00 3.80 4.00 2.80 4.00 4.00 3.20 3.00 3.20 4.00 3.75 3.75 4.00 4.00 3.60 3.40 3.80 4.00 3.60 3.00 3.00 4.00 3.20
 1003  . 14 2.25 3.50 4.00 3.00 2.20 3.20 3.60 4.00 2.40 2.00 3.00  .    .    .    .    .    .    .    .    .    .    .    .    .    .    .    .    .    .    .    .    .    .    .    .    .    .    .    .    .    .    .    .    .    .    .    .    .    .  
 1004  0 15 3.50 3.00 3.25 3.20 3.60 3.60 3.60 4.00 3.40 3.00 3.00 3.25 3.00 3.00 3.00 3.40 3.60 3.00 4.00 3.20 3.00 3.00 3.60 3.60 3.50 3.00 3.00 3.20 3.80 3.00 3.40 3.80 3.40 3.00 2.60 4.00 3.75 3.25 3.25 3.00 3.60 3.20 3.00 4.00 3.40 3.33 3.00 3.80 4.00
 1005  0 14 3.75 3.00 3.25 3.00 3.80 2.60 3.20 2.20 3.60 4.00 1.60 3.50 2.75 3.00 2.80 3.60 3.00 3.20 2.00 3.40 1.80 3.00 3.20 3.20 3.50 3.00 3.00 3.00 3.60 3.00 2.80 2.00 3.20 3.00 1.40 3.00 3.00 3.00 3.00 3.00 3.20 2.60 2.40 2.00 3.60 3.00 1.80 2.80 2.60
 1006  1 14 2.25 2.25 3.00 2.20 4.00 4.00 4.00 4.00 2.80 3.00 3.00 2.75 3.00 3.00 2.80 4.00 4.00 4.00 4.00 3.20 3.40 3.00 2.80 2.80 2.25 2.75 3.00 3.00 3.00 3.00 3.00 3.00 3.00 3.00 3.00 2.60 2.25 2.75 3.00 2.60 3.40 3.40 3.40 3.60 3.00 3.00 2.80 2.80 3.00
 1007  1 14 1.25 1.00 1.50 1.00 3.60 3.00 3.00 3.80 1.80 2.00 2.40 1.75 1.25 1.50 1.60 4.00 3.60 3.40 2.60 2.20 2.40 2.33 2.00 2.00 1.75 1.00 1.75 1.20 3.60 2.60 3.40 3.00 1.80 2.00 2.60 2.60 2.00 1.00 1.25 1.60 3.40 2.40 2.80 3.20 2.20 2.00 2.40 2.80 2.40
 1008  1 16 2.25 2.25 3.50 2.20 3.80 4.00 3.60 3.80 2.60 3.33 3.00 2.00 2.00 3.00 2.20 3.40 4.00 3.40 4.00 2.60 2.40 2.33 3.60 3.60  .    .    .    .    .    .    .    .    .    .    .    .   2.25 2.25 3.25 2.20 3.60 3.20 3.40 3.80 2.40 2.33 2.40 3.40 3.00
 1009  1 14 2.75 2.50 2.75 2.60 3.00 3.00 2.80 3.20 2.40 2.00 2.60 3.00 2.25 3.25 2.80 3.40 3.40 3.00 3.40 2.60 2.20 3.00 2.60 2.60 3.00 2.75 3.00 2.80 3.20 3.00 2.80 3.40 2.80 3.00 2.60 3.00 3.00 3.00 3.25 3.20 3.40 3.60 3.60 3.60 2.80 3.00 2.60 3.00 3.00
 1010  1 14 2.25 3.50 4.00 2.60 4.00 4.00 4.00 4.00 3.20 1.67 3.80 3.00 3.50 3.25 3.20 4.00 3.40 3.40 3.80 3.20 3.40 2.00 2.80 2.80 3.25 4.00 4.00 4.00 4.00 4.00 4.00 4.00 3.40 3.00 4.00 3.40  .    .    .    .    .    .    .    .    .    .    .    .    .  
 1011  0 14 1.50 4.00 3.75 1.40 3.20 2.60 3.40 3.00 3.80 1.00 2.60 2.25 2.75 3.50 1.80 3.60 3.00 2.80 3.00 3.20 3.40 2.33 3.20 3.20 1.50 3.00 3.25 1.20 4.00 3.00 3.20 3.80 3.60 2.33 2.80 3.00 1.50 3.25 3.25 2.00 4.00 3.60 3.20 4.00 3.80 2.00 3.20 3.40 1.40
 1012  1 14 3.00 2.75 3.50 2.80 3.60 3.40 3.00 4.00 3.00 2.33 2.60 2.50 2.50 2.75 2.40 3.40 2.40 2.80 4.00 2.60 2.40 2.33 2.60 2.60 2.75 2.50 3.00 2.80 3.60 3.20 3.20 4.00 2.80 3.00 2.60 2.80 3.00 2.50 2.75 2.80 3.40 3.60 3.40 4.00 2.80 3.00 2.60 3.20 3.00
 1013  0 14 3.25 4.00 3.75 3.00 3.80 3.00 3.00 3.60 3.00 4.00 3.80 3.00 3.00 3.00 3.60 3.40 3.00 3.00 3.00 2.80 3.40 3.00 2.60 2.60 3.00 3.25 3.50 3.40 3.60 3.40 3.00 3.00 2.80 3.33 3.40 2.40 2.75 3.00 3.00 2.20 2.60 2.40 2.80 2.40 2.60 3.00 3.40 2.80 2.40
 1014  0 16 3.75 3.00 3.75 3.00 3.80 2.80 3.60 3.00 4.00 3.33 4.00  .    .    .    .    .    .    .    .    .    .    .    .    .    .    .    .    .    .    .    .    .    .    .    .    .   4.00 3.25 3.75 4.00 3.00 3.40 3.20 3.60 4.00 3.67 4.00 2.40 2.80
 1015  1 14 1.75 3.00 3.50 3.00 3.00 4.00 3.20 3.80 2.20 3.00 3.40 2.25 2.25 3.50 3.20 4.00 4.00 3.20 4.00 2.40 3.20 3.33 3.20 3.20 2.75 4.00 4.00 3.80 4.00 4.00 3.20 4.00 2.40 3.33 3.80 3.20 3.00 4.00 3.75 3.80 4.00 4.00 4.00 4.00 2.20 4.00 4.00 4.00 3.20
 1016  0 14 2.75 2.50 2.75 2.60 4.00 1.80 2.80 4.00 3.60 1.00 3.00 3.25 2.25 2.75 2.80 2.00 3.00 2.60 2.00 3.80 2.40 2.67 2.60 2.60 2.50 2.50 2.50 2.40 2.40 3.20 2.40 2.00 3.60 1.33 2.80 2.20 2.75 2.50 2.00 2.00 2.40 3.40 2.20 2.00 3.80 1.67 3.40 1.60 2.80
 1017  1 15 2.25 2.25 2.75 2.80 3.00 3.80 2.20 3.80 2.80 3.67 3.60 3.25 2.75 3.25 3.00 3.60 4.00 3.80 4.00 3.20 3.60 4.00 3.20 3.20 2.50 2.50 3.50 3.20 3.40 3.60 3.60 3.80 3.20 3.33 3.80 3.00 3.00 4.00 4.00 3.40 4.00 4.00 4.00 4.00 3.00 4.00 3.80 3.40 2.60
 1018  . 14 2.25 3.25 3.50 2.80 3.00 2.60 2.60 2.40 2.40 1.33 3.00  .    .    .    .    .    .    .    .    .    .    .    .    .    .    .    .    .    .    .    .    .    .    .    .    .    .    .    .    .    .    .    .    .    .    .    .    .    .  
 1019  1 14 1.25 1.75 1.75 2.00 3.80 3.60 2.20 4.00 2.00 2.67 2.80  .    .    .    .    .    .    .    .    .    .    .    .    .   1.50 2.25 2.75 2.60 4.00 4.00 2.60 2.40 3.20 3.00 3.40 2.80 1.50 2.00 3.50 2.60 4.00 4.00 2.80 4.00 3.20 2.67 3.40 3.80 2.20
 1020  0 14 2.75 3.00 3.00 3.00 2.40 2.80 3.00 3.00 2.80 3.00 3.00 3.00 3.00 3.00 3.00 3.00 2.40 2.80 3.00 2.60 2.60 3.00 2.20 2.20 2.50 3.00 3.00 3.00 3.00 2.40 3.00 3.00 2.40 3.00 3.00 2.40  .    .    .    .    .    .    .    .    .    .    .    .    .  
 1021  0 15 3.25 1.25 3.75 3.00 2.40 2.00 2.80 2.60 2.60 2.33 2.00  .    .    .    .    .    .    .    .    .    .    .    .    .   3.50 2.50 3.25 3.20 3.60 3.60 3.00 3.60 3.00 3.33 3.00 2.20 3.50 2.25 2.25 2.80 3.00 3.80 3.40 3.80 3.40 4.00 3.00 2.20 3.20
 1022  0 14 4.00 3.75 4.00 4.00 3.20 3.60 3.80 3.40 2.80 4.00 3.40 4.00 4.00 4.00 4.00 3.80 3.40 4.00 4.00 3.40 3.20 4.00 3.60 3.60 3.75 4.00 4.00 3.80 3.20 3.20 4.00 3.00 3.40 4.00 2.60 3.40 4.00 4.00 4.00 4.00 3.60 3.60 4.00 3.00 3.80 4.00 3.20 3.60 4.00
 1023  0 18 3.50 3.00 3.00 3.20 2.80 3.00 2.60 1.80 2.60 1.67 2.20 3.00 3.00 3.00 3.20 3.40 3.20 2.80 1.60 3.00 2.40 2.67 3.20 3.20 3.00 3.00 3.00 3.00 3.00 3.20 2.60 1.60 3.00 1.33 1.80 3.20 3.75 3.25 3.25 3.60 2.80 3.00 2.80 2.00 3.00 1.00 1.40 3.80 2.60
 1024  1 15 2.75 3.00 3.00 3.00 3.40 3.00 2.60 3.00 3.00 4.00 2.80  .    .    .    .    .    .    .    .    .    .    .    .   3.09  .    .    .    .    .    .    .    .    .    .    .    .    .    .    .    .    .    .    .    .    .    .    .    .    .  
 1025  0 15 3.25 2.75 2.50 2.80 2.00 3.00 3.00 2.50  .   2.67  .   2.50 1.00 2.75 2.20 3.00 2.20 2.80 3.00 3.20 2.60 3.00 2.80 2.80 3.50 2.50 3.50 3.20 2.60 2.40 2.80 1.80 2.60 1.33 2.40 2.40 3.75 2.75 4.00 4.00 3.00 3.20 2.80 2.60 2.40 2.33 3.20 2.20 3.00
 1026  0 14 2.25 2.50 3.25 3.80 4.00 3.80 1.60 3.20 3.40 3.67 2.80  .    .    .    .    .    .    .    .    .    .    .    .    .   3.50 2.50 3.50 3.40 3.80 4.00 2.60 4.00 3.00 4.00 3.20 3.00 3.00 2.50 3.50 3.40 3.20 4.00 2.40 3.60 3.40 3.67 3.00 3.40 1.40
 1027  . 14 2.75 3.00 2.00 2.40 2.40 1.40 1.80 3.00 2.60 2.67 2.20  .    .    .    .    .    .    .    .    .    .    .    .    .    .    .    .    .    .    .    .    .    .    .    .    .    .    .    .    .    .    .    .    .    .    .    .    .    .  
 1028  0 15 3.25 3.00 2.50 3.20 4.00 3.00 3.00 3.00 2.80 2.00 2.80  .    .    .    .   3.20 2.60 3.00 3.00 2.80 2.60  .   3.00 3.00 3.00 2.75 3.00 3.00 3.00 2.80 3.00 3.00 2.60 3.00 2.80 3.00 3.00 2.50 3.00 3.20 3.60 2.80 3.00 3.00 3.00 3.00 2.80 3.00 2.80
 1029  1 17 1.00 1.25 1.50 1.40 3.80 3.20 3.20 2.80 2.40 1.00 3.20 1.50 1.50 2.00 1.80 2.80 3.00 3.20 2.80 2.60 3.60 1.33 3.40 3.40  .    .    .    .    .    .    .    .    .    .    .    .   3.00 4.00 3.75 3.80 4.00 4.00 4.00 4.00 2.20 4.00 4.00 4.00 3.20
 1030  0 15 3.00 3.25 3.00 3.20 3.80 2.60 3.00 3.20 2.20 2.33 2.80 3.00 2.75 3.00 3.00 3.00 2.80 2.80 3.00 2.60 3.00 2.67 3.00 3.00 3.00 3.00 3.00 3.00 3.40 3.00 2.80 3.00 2.60 2.33 2.60 3.00 3.00 3.00 3.00 3.00 3.00 2.80 2.80 3.00 2.80 3.00 2.00 3.00 3.00
 1031  0 14 3.25 3.50 3.00 2.80 2.40 2.40 2.40 2.40 2.40 2.67 2.40 2.50 2.25 2.75 2.40 3.00 2.60 2.40 2.80 2.60 2.40 2.33 2.80 2.80  .    .    .    .    .    .    .    .    .    .    .    .   2.50 2.75 2.25 2.20 3.00 2.40 2.00 2.40 2.20 1.33 2.20 3.40 1.40
 1032  0 15 4.00 3.75 3.75 4.00 4.00 4.00 3.80 4.00 4.00 4.00 3.40 4.00 4.00 4.00 4.00 4.00 4.00 4.00 4.00 3.20 2.80 4.00 4.00 4.00 4.00 4.00 4.00 4.00 4.00 4.00 4.00 4.00 3.20 4.00 3.40 4.00 4.00 4.00 4.00 4.00 4.00 3.40 4.00 3.40 4.00 4.00 3.40 4.00 4.00
 1033  0 14 2.50 2.50 2.75 2.40 2.80 3.80 3.20 3.00 2.60 1.33 3.40 2.50 3.00 3.00 2.80 3.60 3.00 3.00 3.00 2.60 3.20 2.00 2.60 2.60 2.75 3.00 3.00 2.60 3.40 3.40 3.00 3.20 2.20 2.00 3.00 2.40 3.00 2.75 2.75 2.80 3.40 3.00 2.60 2.40 2.80 2.33 3.20 2.80 2.80
 1034  0 15 2.50 2.50 3.25 2.80 3.60 1.80 3.00 4.00 2.80 2.67 3.00 2.50 2.50 2.50 3.20 3.60 2.80 3.20 3.80 3.20 3.00 2.67 2.40 2.40  .    .    .    .    .    .    .    .    .    .    .    .    .    .    .    .    .    .    .    .    .    .    .    .    .  
 1035  0 15 3.00 2.75 3.00 2.80 3.80 2.40 3.40 2.80 2.60 2.67 3.40 3.00 2.50 2.75 2.00 3.40 2.80 3.00 3.00 2.60 2.80 2.00 2.80 2.80 3.00 2.50 3.00 2.60 3.80 3.00 3.20 3.00 2.80 3.00 3.40 3.40 3.00 2.25 3.00 2.00 3.60 2.60 3.20 3.00 3.00 3.00 3.00 3.00 3.60
 1036  1 15 2.00 2.00 2.50 2.00 1.00 2.60 3.60 4.00 2.40 1.67 2.80 2.75 2.25 2.25 1.80 1.00 2.80 3.60 4.00 2.80 2.60 2.33 3.40 3.40 2.50 2.00 2.75 1.60 1.00 2.00 3.60 3.40 2.40 1.33 3.00 3.20  .    .    .    .    .    .    .    .    .    .    .    .    .  
 1037  0 15 3.25 4.00 4.00 4.00 3.20 3.00 3.80 4.00 3.40 2.33 2.20 3.75 3.75 3.25 3.80 4.00 4.00 3.80 3.80 2.60 1.80 4.00 2.40 2.40 3.50 3.50 3.75 3.80 3.40 4.00 4.00 4.00 2.80 4.00 1.20 3.60 3.25 4.00 3.00 3.40 1.60 1.80 1.60 2.00 3.00 2.33 1.40 3.20 3.80
 1038  0 14 4.00 3.00 3.75 3.40 3.80 2.20 3.00 4.00 3.60 4.00 3.00 4.00 3.25 3.00 3.40 3.40 2.80 3.20 3.80 3.20 3.00 4.00 2.60 2.60 4.00 3.00 3.50 3.40 3.60 2.40 3.40 3.00 3.60 4.00 3.40 2.40 4.00 3.00 3.00 3.00 3.40 1.60 3.00 3.60 2.20 1.67 3.00 2.20 3.40
 1039  1 14 3.75 3.75 4.00 4.00 3.80 4.00 3.80 4.00 3.20 3.00 3.20 3.75 3.25 3.50 4.00 4.00 4.00 4.00 4.00 3.80 3.20 3.33 3.60 3.60 3.75 3.50 4.00 4.00 4.00 4.00 4.00 4.00 3.80 3.33 3.20 3.40 3.75 4.00 4.00 4.00 4.00 4.00 4.00 4.00 4.00 4.00 3.40 4.00 3.40
 1040  1 15 1.00 1.00 1.00 1.20 1.80 1.40 1.00 1.00 1.60 1.00 1.60  .    .    .    .    .    .    .    .    .    .    .    .    .   1.75 1.00 1.00 1.00 1.60 2.00 1.00 1.80 1.80 1.00 1.60 2.00  .    .    .    .    .    .    .    .    .    .    .    .    .  
 1041  1 18 2.75 3.50 4.00 3.00 3.40 3.20 3.40 4.00 3.00 1.00 3.80  .    .    .    .    .    .    .    .    .    .    .    .    .   3.25 4.00 3.75 3.20 2.80 2.80 3.20 2.80 2.80 2.33 4.00 3.60 2.75 2.75 2.75 3.00 3.40 2.80 2.80 2.60 2.20 1.33 3.40 2.20 1.80
 1042  0 15 2.25 3.50 4.00 2.60 3.80 3.00 3.00 3.40 3.20 1.67 2.80 3.00 3.25 3.75 3.00 4.00 3.00 3.00 3.40 3.20 3.20 3.00 3.60 3.60 3.00 3.25 3.50 3.60 3.60 3.40 3.40 3.00 3.20 3.33 3.00 3.40 3.25 3.25 3.25 3.20 3.40 3.00 3.20 3.00 3.20 3.00 3.00 3.40 1.60
 1043  1 15 2.00 1.25 2.00 2.00 2.60 2.60 2.60 2.80 2.00 2.00 2.40 2.00 2.00 2.25 2.20 3.00 2.20 2.80 2.80 2.40 2.80 2.33 2.20 2.20  .    .    .    .    .    .    .    .    .    .    .    .   2.00 2.00 2.25 2.00 3.00 2.60 3.00 3.00 2.60 2.33 2.80 2.60 2.60
 1044  1 15 2.50 2.00 2.50 1.80 2.40 2.20 2.20 2.40 2.20 2.33 2.20 1.00 1.00 1.00 1.00 1.00 1.00 1.20 2.20 2.00 1.20 1.00 2.60 2.60  .    .    .    .    .    .    .    .    .    .    .    .    .    .    .    .    .    .    .    .    .    .    .    .    .  
 1045  1 14 4.00 3.00 2.50 3.40 1.20 3.80 3.00 4.00 3.60 4.00 4.00  .    .    .    .    .    .    .    .    .    .    .    .    .   3.25 2.25 2.75 3.20 3.20 3.00 2.80 3.00 3.20 3.67 3.00 3.00 3.25 2.50 3.00 2.80 3.40 3.60 3.20 3.80 3.20 3.67 3.20 2.80 2.80
 1046  0 14 3.75 3.00 3.50 2.40 3.20 3.00 3.20 3.00 2.00 3.67 3.00 3.25 3.50 3.00 4.00 2.80 2.00 3.20 2.00 3.60 3.40 4.00 2.80 2.80 3.50 3.50 3.00 3.00 3.00 2.40 2.40 3.40 2.20 3.00 1.80 2.60 3.25 3.00 3.00 3.00 2.80 3.00 3.60 4.00 3.60 4.00 3.00 3.40 2.40
 1047  0 14 2.00 2.50 2.50 2.20 1.00 1.00 2.20 2.80 2.00 1.00 2.60 3.00 2.25 2.75 2.60 2.00 2.00 2.60 3.00 1.40 1.80 2.00 3.00 3.00 2.50 3.00 2.75 2.40 1.20 1.20 2.60 2.80 1.60 1.00 2.20 2.40  .    .    .    .    .    .    .    .    .    .    .    .    .  
 1048  1 14 3.00 2.75 4.00 3.00 3.40 2.60 3.80 4.00 2.40 2.67 3.20 2.75 2.00 3.75 2.40 4.00 4.00 3.80 4.00 3.00 3.20 3.33 3.60 3.60 3.00 3.00 4.00 3.00 4.00 4.00 3.80 4.00 4.00 4.00 3.80 3.60 3.25 2.50 3.50 2.80 4.00 4.00 4.00 4.00 3.60 3.67 3.80 4.00 3.20
 1049  0 14 1.75 1.25 2.50 1.20 4.00 1.60 3.20 2.40 2.60 2.00 2.20 2.00 1.25 3.00 1.40 3.40 3.00 2.80 2.20 2.20 3.60 3.00 2.80 2.80 2.00 1.25 2.75 2.00 4.00 3.80 2.60 2.80 2.60 3.33 3.20 2.80 2.00 1.25 3.25 1.80 4.00 3.80 2.80 3.00 2.80 3.00 3.40 3.20 2.60
 1050  0 14 2.50 3.50 3.00 3.00 3.60 3.00 3.20 3.00 2.40 2.67 2.40 3.00 3.00 3.25 3.00 3.00 3.00 3.20 3.00 2.40 2.80 3.00 3.00 3.00  .    .    .    .    .    .    .    .    .    .    .    .   2.75 3.50 3.00 3.20 3.60 3.20 3.00 3.00 3.20 3.00 3.20 2.80 3.00
 1051  0 15 4.00 3.25 2.75 3.20 2.80 3.00 2.20 2.80 3.80 4.00 3.60 4.00 3.50 3.50 4.00 3.80 3.00 2.00 3.00 3.80 3.60 4.00 4.00 4.00 4.00 3.00 3.50 4.00 3.00 3.00 2.60 3.00 4.00 4.00 3.00 4.00 3.75 3.25 3.50 3.60 3.20 3.20 3.00 2.80 4.00 4.00 3.80 4.00 3.00
 1052  1 14 2.25 4.00 4.00 4.00 3.60 4.00 3.60 4.00 3.00 1.00 3.60 2.50 4.00 4.00 4.00 4.00 4.00 3.80 4.00 3.00 3.60 2.33 4.00 4.00 2.75 4.00 4.00 4.00 4.00 4.00 4.00 4.00 2.60 2.33 3.40 4.00 3.25 3.00 3.50 3.00 4.00 4.00 4.00 4.00 2.60 2.67 3.00 3.80 3.60
 1053  0 14 2.25 4.00 3.50 3.20 3.80 3.20 3.20 3.20 2.40 2.00 2.60 2.25 4.00 4.00 3.60 4.00 2.80 3.00 3.00 2.60 2.00 2.00 2.40 2.40 3.00 4.00 4.00 4.00 4.00 3.20 3.00 3.80 2.80 2.00 2.80 2.60 3.00 3.75 3.75 3.40 3.20 3.00 3.00 3.00 2.80 2.67 2.80 3.00 2.60
 1054  1 14 2.50 2.25 3.00 2.20 3.00 2.60 3.60 4.00 2.60 3.67 2.60 2.00 2.50 3.00 2.80 2.60 2.80 3.80 3.80 2.40 2.80 3.00 3.00 3.00 2.00 2.25 2.75 2.80 3.00 3.20 3.80 3.80 2.80 3.00 2.40 2.80 3.75 3.00 4.00 3.60 3.80 2.20 3.80 4.00 4.00 4.00 3.20 3.20 2.80
 1055  1 14 3.25 2.25 3.00 3.00 2.80 3.00 3.20 3.20 2.80 3.00 2.00 2.75 3.00 3.00 3.00 2.40 2.80 2.80 1.80 2.40 2.80 3.00 2.00 2.00 3.50 3.50 2.75 3.00 2.60 2.40 3.00 2.60 2.20 3.00 2.20 3.20 3.00 3.00 3.00 3.00 2.60 3.00 3.20 4.00 2.40 3.00 2.20 2.20 3.40
 1056  0 14 3.25 3.25 3.00 3.00 2.80 2.80 3.20 2.80 2.80 3.00 2.40 3.00 3.00 3.00 3.00 3.00 3.00 3.00 3.00 2.40 2.40 3.00 3.00 3.00 3.25 3.00 4.00 3.60 4.00 4.00 4.00 4.00 3.40 3.00 3.00 3.60 3.25 3.25 3.25 3.00 4.00 3.80 3.80 4.00 3.20 3.00 2.20 2.80 2.80
 1057  0 14 2.75 3.00 3.00 3.00 2.80 2.80 2.60 3.20 2.60 2.67 2.40 3.00 3.00 3.00 3.00 3.00 2.40 3.00 3.00 3.40 3.00 3.00  .   3.05 3.00 3.00 3.25 3.00 2.80 2.80 3.00 4.00 3.20 3.00 2.80 3.00 3.00 3.00 3.25 3.00 2.80 3.00 3.60 4.00 2.80 3.00 3.00 3.40 2.40
 1058  1 14 1.75 2.25 2.25 2.00 2.80 2.60 3.40 4.00 2.80 3.00 3.00 2.75 2.50 3.50 2.60 3.20 3.40 3.40 4.00 3.00 3.80 3.00 3.00 3.00 2.75 2.75 3.00 3.00 3.00 2.80 3.40 3.80 3.20 3.00 3.00 3.00 3.00 3.00 2.75 3.00 3.00 3.00 2.60 4.00 2.80 3.00 3.40 3.00 3.00
 1059  0 15 3.25 4.00 4.00 3.80 2.60 2.80 3.40 2.60 2.40 3.00 2.80 2.75 2.75 2.50 1.80 1.80 2.60 2.60 2.00 2.40 2.40 2.33 2.60 2.60  .    .    .    .    .    .    .    .    .    .    .    .   2.25 2.25 2.50 2.60 2.00 2.40 2.60 2.60 2.80 2.67 2.20 2.40 2.80
 1060  1 15 2.00 3.00 3.00 3.20 2.80 2.80 3.60 2.80 2.40 2.67 2.80 2.25 3.00 3.00 3.00 3.00 3.00 3.60 3.60 2.20 2.60 3.00 2.60 2.60 2.75 3.00 3.00 3.00 3.00 3.20 3.60 3.80 2.40 3.00 2.60 2.60 2.50 3.00 3.00 3.00 3.20 3.00 3.80 4.00 2.20 3.00 3.00 2.80 2.60
 1061  0 14 3.25 2.00 3.00 2.60 2.60 2.60 2.60 2.40 2.80 2.00 2.40 2.50 2.50 3.00 2.40 2.40 2.80 2.40 2.40 2.40 2.80 3.00 2.60 2.60  .    .    .    .    .    .    .    .    .    .    .    .    .    .    .    .    .    .    .    .    .    .    .    .    .  
 1062  1 14 1.25 2.25 3.00 2.20 2.20 3.00 3.40 3.20 2.40 1.00 2.40 3.00 2.25 3.00 2.20 1.60 3.00 2.00 2.20 2.60 2.40 1.33 2.40 2.40 3.00 2.50 2.00 2.40 2.40 2.60 2.00 2.00 2.40 3.33 2.40 2.20 2.00 2.00 2.75 2.80 2.80 3.00 3.00 3.40 2.80 2.00 2.00 3.00 3.00
 1063  0 14 2.50 3.00 3.75 4.00 2.80 3.20 3.80 3.00 3.00 4.00 3.20 3.00 2.75 3.00 3.00 3.00 3.33 3.00 3.00 3.00 3.00 3.33 2.40 2.40 2.75 3.00 3.00 3.00 3.00 3.00 3.00 3.00 2.00 3.00 3.20 2.60 2.75 3.00 3.25 3.00 3.00 3.00 3.00 3.00 2.20 3.33 3.20 2.60 2.40
 1064  0 14 2.25 2.25 2.75 2.60 3.20 2.40 2.20 2.20 2.20 3.00 2.80 2.00 2.00 2.67 2.50  .    .    .    .   2.80 2.40 3.00 1.80 1.80 2.00 2.00 2.50 2.20 3.20 2.20 2.40 2.40 2.60 3.00 1.60 1.80 2.25 2.00 2.25 2.20 2.20 2.00 2.40 2.40 2.80 3.00 1.80 2.00 2.60
 1065  0 15 4.00 4.00 4.00 4.00 4.00 3.00 4.00 4.00 3.60 3.00 2.20 4.00 4.00 3.50 4.00 4.00 3.20 3.80 4.00 3.40 3.00 3.00 3.40 3.40 4.00 4.00 3.50 4.00 4.00 3.00 4.00 4.00 3.80 3.00 3.60 3.20 4.00 4.00 3.75 4.00 4.00 3.60 4.00 4.00 3.80 3.00 3.80 4.00 4.00
 1066  0 14 3.50 2.75 3.75 3.00 3.20 2.60 2.40 2.60 3.00 3.33 2.60 1.75 2.25 2.25 2.40 3.20 2.80 2.80 2.60 2.80 2.80 3.00 2.60 2.60 3.25 3.00 3.00 3.00 3.40 3.00 2.20 3.40 2.80 3.00 2.40 2.80 4.00 1.75 2.75 3.00 3.20 2.40 3.20 2.60 3.80 3.00 2.20 3.00 2.00
 1067  . 15 2.00 4.00 3.50 2.60 2.80 3.80 3.40 4.00 2.20 2.00 3.00  .    .    .    .    .    .    .    .    .    .    .    .    .    .    .    .    .    .    .    .    .    .    .    .    .    .    .    .    .    .    .    .    .    .    .    .    .    .  
 1068  1 14 1.00 1.00 1.25 1.00 3.00 3.40 3.60 3.60 1.60 1.00 2.80 1.00 1.50 2.00 2.00 2.40 1.60 2.40 1.60 2.40 2.80 2.33 2.20 2.20 1.00 1.00 1.00 1.00 2.00 2.80 4.00 4.00 1.00 1.00 1.60 2.60 1.00 1.25 1.75 1.20 3.20 2.80 3.60 3.20 1.40 1.33 2.20 2.80 3.60
 1069  1 14 4.00 3.50 4.00 3.20 3.80 3.40 4.00 3.40 2.80 3.33 2.80 3.50 3.00 3.75 3.80 3.80 4.00 4.00 3.60 3.40 3.20 4.00 3.40 3.40 4.00 3.00 4.00 3.60 4.00 4.00 4.00 4.00 3.60 4.00 3.40 3.80 3.75 3.00 3.75 3.80 4.00 3.40 4.00 4.00 3.80 3.67 3.40 4.00 4.00
 1070  1 15 2.25 2.50 3.00 2.80 3.40 3.20 3.20 3.20 2.80 3.00 2.80 3.25 3.00 3.00 3.00 3.80 4.00 4.00 4.00 2.80 2.80 3.00 3.00 3.00 3.25 2.75 3.25 3.40 3.60 4.00 3.80 4.00 3.80 4.00 3.00 3.40  .    .    .    .    .    .    .    .    .    .    .    .    .  
 1071  1 14 2.00 1.00 2.00 1.40 3.40 2.40 2.60 2.60 2.00 3.00 2.80 2.00 1.00 2.00 1.00 3.00 3.00 3.00 2.60 2.20 2.40 3.00 4.00 4.00 2.00 1.00 1.75 1.00 3.20 3.00 3.00 2.80 2.20 3.00 2.40 4.00 2.00 2.00 2.00 2.00 3.80 3.00 2.80 3.00 2.00 2.00 2.60 4.00 1.20
 1072  0 15 3.75 4.00 3.50 3.60 3.20 3.60 3.40 3.20 2.60 3.67 2.80  .    .    .    .    .    .    .    .    .    .    .    .    .   3.25 3.00 3.75 3.60 3.00 3.00 2.80 3.00 2.80 3.00 2.80 2.60  .    .    .    .    .    .    .    .    .    .    .    .    .  
 1073  1 14 1.25 1.75 2.75 2.00 2.40 2.40 3.20 4.00 3.00 1.00 3.20 1.25 1.75 2.75 1.00 3.20 3.80 3.40 4.00 2.20 2.60 1.67 4.00 4.00  .    .    .    .    .    .    .    .    .    .    .    .   3.00 4.00 3.75 3.80 4.00 4.00 4.00 4.00 2.20 4.00 4.00 4.00 3.20
 1074  1 17 1.75 2.00 2.00 1.80 1.60 3.80 2.20 3.00 2.20 1.67 2.40  .    .    .    .    .    .    .    .    .    .    .    .    .   2.50 1.00 1.25 1.20 2.40 3.40 2.20 1.60 3.00 1.67 2.40 2.00 2.00 2.00 2.00 2.00 2.40 3.00 2.40 2.00 2.00 2.00 2.60 2.00 2.20
 1075  0 14 2.00 2.75 3.00 2.20 3.33 3.00 2.75 3.75 2.75 2.00 3.80  .    .    .    .    .    .    .    .    .    .    .   3.60 3.60 2.00 3.25 3.25 2.80 3.80 3.60 3.00 3.20 3.60 3.00 3.60 2.80 1.75 2.75 3.50 3.20 3.40 3.20 2.60 3.60 3.20 2.33 3.80 3.40 2.80
 1076  1 14 2.00 3.00 3.00 2.50 2.00 1.60 4.00 4.00 2.80 3.00 4.00 2.75 2.00 3.00 2.60 2.40 1.40 3.20 3.00 2.40 3.00 3.00 3.00 3.00 2.75 2.25 2.75 3.00 3.80 2.80 3.20 4.00 2.60 3.00 3.40 4.00 3.00 3.00 2.75 3.00 3.60 3.40 3.40 3.40 2.80 3.00 4.00 3.60 3.20
 1077  . 17 3.00 1.50 3.00 3.40 2.40 3.60 2.60 3.00 2.40 2.67 2.00  .    .    .    .    .    .    .    .    .    .    .    .    .    .    .    .    .    .    .    .    .    .    .    .    .    .    .    .    .    .    .    .    .    .    .    .    .    .  
 1078  0 15 2.75 3.75 3.00 1.60 3.00 3.00 2.50 1.00  .   1.33  .    .    .    .    .    .    .    .    .    .    .    .    .    .   2.50 2.75 2.00 2.60 3.20 2.40 2.40 3.40 2.00 3.00 2.60 2.60  .    .    .    .    .    .    .    .    .    .    .    .    .  
 1079  0 15 3.75 3.75 3.50 3.80 2.60 2.80 4.00 3.20  .   1.00  .   3.00 2.25 3.25 3.00  .    .    .    .   2.60 2.80 3.00  .   3.29 4.00 3.50 4.00 4.00 1.80 1.20 2.60 1.00 2.80 2.33 2.40 3.80 3.25 3.00 2.25 2.00 2.20 2.80 2.20 2.60 2.00 3.00 2.40 3.20 2.20
 1080  0 15 4.00 3.50 4.00 4.00 3.40 3.80 4.00 4.00  .   4.00  .    .    .    .    .    .    .    .    .    .    .    .    .   3.50 4.00 4.00 4.00 4.00 4.00 4.00 4.00 3.40 3.40 4.00 3.40 3.40 4.00 4.00 4.00 4.00 4.00 4.00 4.00 4.00 3.40 4.00 3.40 3.40 4.00
 1081  0 14  .    .    .    .    .    .    .    .    .    .    .    .    .    .    .    .    .    .    .    .    .    .    .   2.51  .    .    .    .    .    .    .    .    .    .    .    .   3.25 4.00 1.75 2.20 1.60 3.40 2.80 3.40 3.40 3.00 2.20 4.00 3.40
 1082  1 14 2.25 2.00 2.50 2.40 2.00 2.00 2.00 3.00  .   2.00  .   2.50 2.25 2.75 2.40 1.80 1.80 2.80 3.20 3.20 2.80 2.67 2.80 2.80 3.00 3.00 3.00 3.00 2.80 2.80 3.00 3.00 3.00 3.00 2.80 2.60 2.75 2.50 2.75 2.80 2.40 2.40 2.60 2.60 2.60 3.00 2.60 2.60 2.60
 1083  0 15  .    .    .    .    .    .    .    .    .    .    .    .    .    .    .    .    .    .    .    .    .    .    .   2.87  .    .    .    .    .    .    .    .    .    .    .    .   4.00 4.00 3.50 4.00 3.40 3.20 3.60 3.20 3.40 3.33 4.00 3.60 3.80
 1084  1 14 3.50 3.25 4.00 3.80 2.80 3.80 3.40 3.20 2.80 4.00 3.20 3.50 3.75 4.00 3.80 3.20 3.40 3.40 3.40 3.80 3.20 3.00  .   3.47 4.00 3.75 4.00 4.00 3.20 3.80 4.00 3.80 3.80 4.00 2.40 4.00 3.75 3.25 4.00 3.80 3.20 3.60 3.80 4.00 4.00 4.00 1.80 3.40 2.80
 1085  1 14 2.00 2.00 2.50 2.20 3.00 3.20 3.00 3.20 2.60 3.00 2.60 1.75 2.25 2.50 2.00 3.20 3.40 3.40 4.00 2.80 2.60 2.33  .   3.69 2.00 2.50 2.75 1.80 3.60 3.00 3.40 3.20 3.00 2.33 2.20 3.20 2.00 1.50 2.25 1.80 2.80 2.80 3.40 4.00 3.00 2.33 1.80 3.60 1.20
 1086  0 15 3.00 1.75 2.75 3.40 2.20 3.40 2.80 1.20 3.60 4.00 2.80 2.50 2.00 2.75 3.20 3.00 2.80 2.40 2.40 2.80 2.60 4.00  .   2.55 3.25 2.00 2.50 2.80 2.80 3.00 2.40 2.40 3.60 4.00 2.80 3.40 3.00 1.50 2.00 2.20 2.20 2.80 2.80 3.00 3.80 4.00 3.00 3.80 2.00
 1087  0 14 2.25 2.00 1.50 2.80 2.00  .   1.00 3.00  .   3.33  .   3.50 2.75 1.50 1.80  .    .    .    .   2.00 2.20 3.00  .   2.69 3.25 2.00 2.75 3.00 3.20 2.80 3.00 2.00 1.60 2.67 2.40 2.20 2.25 1.75 1.25 2.60 1.80 3.00 2.80 2.40 2.60 2.67 2.40 2.40 2.40
 1088  0 14 2.75 2.75 2.75 2.80 1.00 2.00 2.80 3.60 3.00 3.00 2.00 3.00 2.50 2.50 2.40 2.00 2.40 3.00 3.00 3.00 2.80 3.00  .   3.32  .    .    .    .    .    .    .    .    .    .    .    .   3.25 2.50 2.50 2.80 1.40 2.00 3.40 4.00 3.20 3.00 2.20 2.40 2.40
 1089  0 14 3.50 3.75 3.50 3.60 3.60 3.40 3.20 3.40 2.80 3.67 2.80 2.50 3.00 3.25 2.80 3.20 3.00 2.80 3.00 3.20 3.00 2.67  .   3.64 3.00 3.00 3.00 3.00 3.00 3.00 3.00 3.00 2.80 3.00 3.00 3.00 3.00 3.00 3.00 3.00 3.00 3.00 3.00 3.00 2.80 3.00 3.00 3.00 3.00
 1090  1 15 3.00 2.25 3.50 2.60 4.00 4.00 4.00 3.00 3.40 3.00 3.20 3.00 2.25 3.75 2.80 4.00 4.00 4.00 4.00 4.00 4.00 4.00  .   2.93 3.00 2.00 3.00 2.60 4.00 3.00 4.00 3.80 4.00 4.00 4.00 3.80 3.25 2.00 3.50 3.00 4.00 4.00 4.00 4.00 4.00 4.00 4.00 4.00 2.00
 1091  1 14 2.25 2.00 2.50 2.00 3.60 2.60 3.40 4.00 2.60 3.33 2.40 1.75 2.00 2.50 2.40 2.60 2.40 2.80 2.60 2.60 2.20 2.00  .   3.54 2.75 3.00 2.50 2.80 2.40 2.60 2.80 3.20 2.60 2.67 2.40 3.20 2.50 2.00 3.00 2.40 2.60 2.60 2.80 3.00 2.60 2.33 2.40 3.20 3.80
 1092  0 14 3.50 3.75 4.00 3.80 3.80 3.80 3.80 4.00 3.40 3.00 3.20 4.00 4.00 4.00 4.00 2.80 3.60 2.80 4.00 3.00 3.00 2.67  .   4.09 3.50 3.75 3.25 3.40 3.40 2.60 3.60 4.00 2.40 2.00 2.00 4.00 3.50 3.50 3.25 3.60 3.60 4.00 3.60 4.00 2.80 3.00 2.80 3.60 4.00
 1093  1 16 3.00 2.25 2.75 2.40 3.40 3.20 3.40 3.00 3.20 3.67 2.40 2.00 1.75 2.25 2.20 3.20 4.00 3.20 4.00 2.80 2.80 2.00  .   3.24 3.25 2.50 2.50 2.20 3.00 3.20 3.20 2.40 4.00 3.33 2.60 3.60 3.00 2.25 3.25 2.40 3.20 2.80 3.00 2.60 4.00 3.67 3.20 3.00 3.00
 1094  1 15 2.25 1.75 2.50 2.60 3.40 3.00 2.80 4.00 2.40 3.00 3.40 3.25 3.00 3.25 3.00 3.40 3.20 3.60 4.00 3.80 3.00 3.00  .   3.50 3.00 3.50 4.00 3.60 4.00 3.60 3.60 4.00 3.80 3.33 3.40 2.20 3.25 3.50 4.00 3.80 4.00 4.00 4.00 4.00 3.80 4.00 3.80 2.60 3.80
 1095  1 14 3.25 3.75 3.75 3.40 3.00 3.80 3.80 4.00 3.80 2.67 2.80  .    .    .    .    .    .    .    .    .    .    .    .    .   3.25 3.00 3.00 3.00 3.00 3.00 3.00 3.20 3.00 2.33 2.80 3.60 3.00 3.00 3.00 3.00 2.20 3.40 3.60 4.00 3.40 3.00 3.00 3.80 4.00
 1096  0 14 3.00 2.00 3.00 3.00 2.60 2.80 2.20 2.80 2.60 2.67 2.80 2.75 2.75 3.00 3.00 2.80 2.60 2.80 2.60 3.00 3.00 3.00  .   2.68 3.00 3.00 3.00 3.20 3.00 3.00 3.00 3.00 3.00 3.00 2.80 3.00 3.75 3.25 3.75 3.60 3.40 3.40 3.20 3.40 3.00 4.00 3.80 3.60 3.80
 1097  0 16 2.50 2.50 2.75 3.00 2.20 2.80 2.60 2.40 2.80 2.33 2.80 3.00 2.50 2.75 2.60 3.00 3.00 2.60 3.00 2.40 2.40 2.67 3.00 3.00 2.50 2.00 2.50 2.80 2.80 2.60 2.60 2.60 2.20 3.00 2.20 2.20 2.75 2.50 2.75 2.40 2.60 3.00 2.40 2.80 2.40 3.00 2.60 2.20 2.60
 1098  1 16 2.50 2.50 3.00 2.80 2.80 2.60 2.40 2.60 2.40 3.00 2.20  .    .    .    .    .    .    .    .    .    .    .    .   3.12  .    .    .    .    .    .    .    .    .    .    .    .    .    .    .    .    .    .    .    .    .    .    .    .    .  
 1099  1 14 1.50 1.50 2.50 2.40 3.80 3.20 3.00 4.00 3.00 1.00 2.80 2.00 2.00 2.00 2.00 3.40 3.00 3.00 3.00 2.60 2.80 1.67  .   2.32  .    .    .    .    .    .    .    .    .    .    .    .    .    .    .    .    .    .    .    .    .    .    .    .    .  
 1100  . 17 1.00 1.50 2.00 2.20 1.80 2.20 2.40 2.80 1.40 1.00 3.60  .    .    .    .    .    .    .    .    .    .    .    .    .    .    .    .    .    .    .    .    .    .    .    .    .    .    .    .    .    .    .    .    .    .    .    .    .    .  
 1101  0 14 2.50 4.00 4.00 3.00 2.80 3.00 3.00 3.00 2.80 3.00 2.80  .    .    .    .    .    .    .    .    .    .    .    .    .   2.75 3.00 3.00 3.00 3.00 3.00 3.00 3.00 2.60 3.00 3.20 3.00 2.75 3.00 3.00 3.00 3.00 3.00 3.00 2.80 2.60 3.00 3.00 2.80 2.40
 1102  1 14 2.50 2.25 2.50 2.40 3.00 2.40 3.40 2.80 2.40 2.67 3.00 2.50 2.25 2.75 2.60 4.00 3.20 3.40 3.80 2.40 2.80 2.67  .   3.16  .    .    .    .    .    .    .    .    .    .    .    .    .    .    .    .    .    .    .    .    .    .    .    .    .  
 1103  1 15 1.50 1.25 1.00 1.00 3.20 4.00 2.40 3.20 2.00 1.67 2.60 1.75 1.00 1.00 1.20 2.80 4.00 3.40 4.00 3.00 2.00 3.00  .   3.38 1.50 1.25 1.50 1.80 2.60 3.80 3.40 3.60 2.40 1.33 2.60 2.20 1.75 1.00 1.00 1.00 3.00 4.00 2.40 4.00 2.60 1.67 2.20 2.40 2.00
 1104  0 14 4.00 4.00 4.00 4.00 3.60 3.40 4.00 4.00 2.60 3.33 4.00 3.50 3.25 3.25 3.40 3.80 3.40 4.00 3.60 2.40 4.00 3.00  .   3.04 4.00 3.50 4.00 3.80 2.60 2.00 3.80 3.80 2.20 1.00 1.60 3.40 4.00 4.00 4.00 4.00 3.80 2.20 4.00 4.00 3.20 3.33 4.00 2.60 4.00
 1105  0 15 3.75 3.25 4.00 3.60 4.00 3.40 3.40 3.00 2.40 4.00 3.40 2.75 3.00 3.75 3.40 3.80 2.60 3.60 3.20 3.40 3.00 3.33  .   2.68 2.00 2.75 3.25 3.40 2.80 2.80 2.80 3.40 2.60 3.33 3.20 3.40  .    .    .    .    .    .    .    .    .    .    .    .    .  
 1106  0 14 4.00 4.00 4.00 4.00 4.00 3.20 3.80 3.40 3.80 4.00 3.20 4.00 4.00 4.00 4.00 4.00 4.00 4.00 3.80 3.60 3.20 4.00  .   3.49 4.00 4.00 4.00 4.00 4.00 3.40 4.00 4.00 4.00 4.00 3.40 4.00 4.00 4.00 4.00 4.00 4.00 4.00 4.00 4.00 4.00 4.00 3.40 4.00 4.00
 1107  0 14 2.25 3.25 3.75 2.40 3.20 3.00 2.60 4.00 2.80 2.00 2.80 2.25 3.75 3.75 3.60 4.00 2.40 3.20 4.00 3.00 2.40 1.00  .   3.39 2.25 3.25 3.75 3.00 4.00 3.20 3.60 4.00 2.80 2.00 2.60 3.20  .    .    .    .    .    .    .    .    .    .    .    .    .  
 1108  0 14 2.75 3.50 3.75 4.00 4.00 2.60 3.40 4.00 3.40 2.67 4.00 3.25 4.00 4.00 3.20 3.80 3.60 3.60 3.60 3.60 3.80 3.67  .   3.46 3.50 4.00 4.00 4.00 4.00 4.00 3.60 4.00 4.00 3.33 3.20 3.20 3.50 4.00 4.00 3.40 4.00 4.00 4.00 4.00 3.80 4.00 3.60 3.40 3.00
 1109  0 14 3.00 3.00 3.00 3.00 3.20 2.80 3.00 3.00 2.20 2.67 3.00 3.00 3.00 3.00 3.20 3.00 2.60 2.80 3.00 2.20 3.00 2.67  .   2.80 2.75 3.00 3.00 2.60 2.60 3.00 3.20 3.00 2.60 2.33 3.20 2.60 3.25 3.00 3.00 3.60 3.00 2.20 2.80 2.60 2.60 3.00 3.20 2.60 2.60
 1110  0 15 3.00 3.00 3.00 3.00 2.60 2.20 3.00 3.00 1.80 3.00 2.40 3.00 1.50 2.75 3.00 2.40 2.20 2.60 2.20 2.20 2.60 3.33  .   1.34 3.75 2.75 3.00 3.00 2.20 2.20 2.60 2.20 3.00 2.67 2.80 3.60 3.25 3.25 2.50 2.60 3.00 2.20 2.80 2.60 2.40 1.33 2.40 3.00 2.60
 1111  1 15 1.75 2.50 2.75 3.00 2.80 2.80 2.80 3.00 2.60 2.00 2.80  .    .    .    .    .    .    .    .   2.20 2.80  .    .   2.92 2.00 2.75 2.75 3.00 2.80 3.00 3.00 3.00 2.20 2.00 3.00 2.80 2.00 4.00 4.00 3.20 3.80 4.00 3.80 4.00 3.20 2.67 3.20 3.80 3.40
 1112  1 14 3.75 4.00 4.00 4.00 4.00 3.60 3.20 3.20 2.80 3.67 3.40 3.25 4.00 3.75 4.00 4.00 3.00 3.33 3.00 3.00 3.20 3.00  .   3.61 3.25 3.25 3.75 3.80 4.00 3.00 3.40 3.60 3.00 3.00 3.00 3.00 3.25 3.50 3.50 3.20 4.00 3.20 3.40 4.00 3.00 3.00 2.40 3.00 3.00
 1113  1 14 1.75 3.00 2.75 2.00 3.80 3.60 2.80 3.20 2.80 3.00 2.80 1.75 2.50 2.75 2.00 3.00 3.00 3.00 3.00 2.80 2.80 2.00  .   2.64 2.00 2.25 2.50 2.00 3.80 4.00 2.60 3.80 2.40 2.00 3.00 3.00 1.75 2.75 3.25 2.20 3.60 3.80 2.80 4.00 2.60 2.33 2.60 2.80 3.40
 1114  0 14 3.00 3.25 4.00 3.00 4.00 4.00 4.00 4.00 4.00 3.33 4.00 3.25 4.00 4.00 4.00 4.00 4.00 4.00 4.00 3.80 3.60 4.00  .   3.38 4.00 4.00 4.00 4.00 4.00 4.00 3.40 4.00 3.40 4.00 3.40 3.60 3.50 4.00 4.00 4.00 4.00 4.00 4.00 4.00 4.00 4.00 3.80 3.40 3.20
 1115  1 14 1.50 3.00 4.00 3.60 3.60 3.60 3.00 3.60 2.60 3.00 3.60 2.00 3.00 3.50 3.00 3.80 3.40 2.80 3.40 3.00 3.00 2.33  .   2.82 2.00 3.00 3.00 3.00 3.60 3.60 3.20 3.20 2.60 2.67 3.20 3.00 2.25 3.50 3.25 3.00 3.00 3.00 3.00 3.00 2.60 2.67 3.20 3.20 3.00
 1116  0 14  .    .    .    .    .    .    .    .    .    .    .   2.25 2.25 2.25 2.60 2.60 2.60 2.00 2.60 2.40 2.60 2.33 2.20 2.20 2.75 2.75 2.00 2.80 3.20 2.20 2.80 2.80 2.80 1.33 2.20 1.80 3.00 1.75 2.25 2.80 2.40 2.40 2.40 1.40 2.40 2.33 3.60 2.80 2.00
 1117  . 14 3.00 2.50 3.00 2.80 2.80 3.80 3.40 3.80 3.00 2.67 2.80  .    .    .    .    .    .    .    .    .    .    .    .    .    .    .    .    .    .    .    .    .    .    .    .    .    .    .    .    .    .    .    .    .    .    .    .    .    .  
 1118  0 15 2.00 3.00 3.75 3.20 3.40 4.00 4.00 4.00 3.40 2.33 2.80 3.00 3.00 3.00 3.40 4.00 4.00 3.80 4.00 3.20 3.40 3.00 3.00 3.00 3.50 3.00 3.75 3.60 4.00 4.00 3.60 4.00 3.00 3.00 3.00 3.00 3.25 4.00 4.00 4.00 4.00 4.00 4.00 4.00 2.80 2.67 3.20 3.00 3.00
 1119  1 15 1.25 2.75 3.25 3.00 4.00 3.80 3.40 4.00 2.60 1.33 3.00 1.25 3.00 2.75 2.60 4.00 3.80 4.00 4.00 2.40 3.40 2.00 3.00 3.00 1.50 3.00 3.75 3.20 4.00 3.20 4.00 4.00 3.00 2.33 3.60 2.20 1.75 3.00 3.25 2.60 4.00 3.60 3.80 4.00 2.80 2.00 3.40 3.00 2.20
 1120  0 14 4.00 2.50 4.00 3.40 4.00 2.20 4.00 4.00 3.60 4.00 3.40 4.00 2.50 4.00 3.40 4.00 2.40 4.00 4.00 3.60 3.80 3.33 3.40 3.40  .    .    .    .    .    .    .    .    .    .    .    .    .    .    .    .    .    .    .    .    .    .    .    .    .  
 1121  1 14 1.75 1.50 1.50 2.00 3.20 2.80 3.40 3.20 2.20 1.67 3.80 2.00 1.25 2.00 2.00 4.00 3.00 3.40 4.00 2.80 3.40 2.00 2.40 2.40 2.00 2.00 2.00 2.00 3.20 3.00 3.60 4.00 2.40 2.00 3.60 2.20 2.00 2.00 2.00 2.00 3.20 3.00 3.00 3.00 2.00 2.00 3.40 2.60 2.60
 1122  0 14 3.75 3.75 4.00 3.80 2.40 2.80 3.80 3.00 2.20 4.00 2.60  .    .    .    .    .    .    .    .    .    .    .    .   3.25  .    .    .    .    .    .    .    .    .    .    .    .   2.50 2.75 2.25 2.80 3.20 2.80 2.20 2.60 2.60 2.67 2.40 2.80 2.20
 1123  0 14 3.50 3.75 3.50 3.40 4.00 4.00 2.60 3.80 2.40 3.67 2.80 2.75 3.75 3.25 3.80 2.60 3.40 3.40 3.80 2.20 3.80 3.00 3.00 3.00  .    .    .    .    .    .    .    .    .    .    .    .   2.50 3.00 3.00 3.00 3.00 2.80 2.60 2.80 2.60 2.67 3.40 2.40 2.60
 1124  1 14 3.50 3.00 3.50 3.60 3.80 3.00 3.20 4.00 3.80 3.33 3.00 3.00 3.00 3.50 3.40 3.80 3.60 3.60 4.00 4.00 2.60 3.67 3.60 3.60 3.00 2.75 3.00 3.20 3.20 3.80 3.20 4.00 3.80 3.00 3.00 3.60 3.25 3.00 3.00 3.00 3.80 3.20 2.80 4.00 3.80 3.00 2.80 3.40 2.00
 1125  1 14 2.00 2.25 3.75 2.20 2.80 2.60 3.00 4.00 2.20 1.67 3.00 3.00 2.75 3.50 2.40 3.20 2.80 2.80 4.00 2.20 2.80 1.67 2.80 2.80 2.50 2.25 3.00 2.60 3.20 3.00 3.40 4.00 2.80 1.00 3.00 2.80 2.50 2.50 2.50 3.00 3.80 2.40 3.20 4.00 2.20 2.00 3.20 2.40 3.20
 1126  1 16 2.25 2.25 3.25 2.40 2.80 2.80 3.20 3.80 2.40 2.33 3.40 3.50 3.00 3.25 3.00 2.80 2.40 2.80 2.60 3.20 3.60 2.67 2.20 2.20 2.00 2.50 3.00 3.40 3.20 3.00 3.80 4.00 2.60 2.33 3.80 2.40  .    .    .    .    .    .    .    .    .    .    .    .    .  
 1127  0 14 3.00 2.50 3.00 3.00 3.20 2.80 3.20 2.80 3.00 3.67 3.00 2.75 3.00 3.50 3.00 3.80 2.40 3.20 4.00 2.80 3.00 3.33 2.80 2.80 2.75 2.75 3.00 3.00 3.40 2.40 2.80 3.40 2.80 4.00 3.20 3.00 3.00 2.50 2.75 3.00 2.80 2.20 2.80 2.40 2.60 3.33 3.20 2.40 2.00
 1128  1 14 3.25 3.50 4.00 3.60 3.80 3.00 3.80 4.00 3.40 4.00 3.20 3.50 3.00 3.75 3.40 3.80 3.20 3.60 4.00 3.80 3.40 4.00 3.40 3.40 3.25 3.75 4.00 4.00 4.00 3.80 3.80 4.00 4.00 4.00 3.80 3.80 3.25 4.00 4.00 4.00 4.00 4.00 3.60 4.00 3.80 4.00 3.60 3.60 3.00
 1129  0 14 3.50 3.00 3.00 3.20 3.60 3.20 3.20 2.20 2.60 4.00 2.80 3.25 2.25 3.00 2.60 3.40 3.20 2.80 2.00 2.20 3.40 4.00 3.00 3.00 3.25 3.00 3.00 2.80 3.00 3.00 3.00 2.00 3.00 3.67 3.00 3.00 3.00 3.00 3.00 3.00 3.00 3.00 2.80 3.00 3.20 3.33 3.20 3.00 3.00
 1130  0 14 3.00 2.50 3.00 3.20 1.60 2.80 2.80 2.60 2.60 4.00 2.60 3.25 2.50 2.75 3.00 2.00 3.00 2.80 3.00 3.00 2.80 3.00 2.60 2.60 3.00 2.50 3.00 3.00 2.60 2.80 3.00 3.00 3.00 3.00 2.80 3.00 3.25 2.50 3.00 3.00 2.80 3.00 3.00 3.00 3.60 3.00 3.20 3.00 2.00
 1131  1 15 3.00 3.75 3.50 3.40 3.80 2.40 3.60 4.00 3.40 3.00 2.60 2.75 3.75 3.75 3.00 3.80 3.00 4.00 4.00 3.00 3.00 3.33 3.20 3.20 2.25 3.50 3.75 3.40 3.40 2.80 3.60 4.00 3.20 3.67 3.40 3.40 2.00 4.00 3.75 2.80 4.00 2.60 3.80 4.00 3.20 3.33 2.60 3.20 2.40
 1132  1 14 3.00 4.00 4.00 3.20 4.00 3.40 3.80 2.20 2.80 2.33 2.80 3.25 4.00 4.00 3.80 4.00 3.60 3.20 2.40 2.60 2.60 1.00 4.00 4.00 2.75 4.00 4.00 4.00 4.00 4.00 3.60 2.60 2.40 1.00 3.40 3.80 3.75 3.75 4.00 3.80 4.00 3.80 3.40 3.00 2.40 1.00 3.40 3.60 3.60
 1133  0 14 3.50 2.75 3.75 3.80 3.80 2.40 2.60 2.80 3.00 3.00 2.60 3.50 3.00 3.00 3.40 3.80 3.60 2.40 3.00 3.00 2.80 3.33 3.60 3.60 3.75 4.00 4.00 4.00 4.00 2.80 2.60 2.60 3.20 2.00 3.20 4.00 4.00 3.50 3.75 4.00 3.60 2.80 3.00 2.80 2.60 3.67 3.00 4.00 2.00
 1134  0 14 2.75 3.75 3.75 3.60 4.00 4.00 3.00 3.60 3.60 3.33 3.40 3.00 4.00 4.00 3.60 4.00 4.00 3.40 4.00 3.20 3.60 1.33 3.60 3.60 3.00 4.00 4.00 3.80 4.00 4.00 3.20 3.40 3.80 2.67 3.60 3.60  .    .    .    .    .    .    .    .    .    .    .    .    .  
 1135  0 14 3.00 3.00 3.75 3.60 3.20 3.20 2.60 2.80  .   2.00  .   3.00 3.75 4.00 3.40 3.20 3.00 3.00 3.00 2.40 3.00 3.00 2.80 2.80 3.00 3.00 3.50 3.80 3.20 4.00 2.40 3.00 2.00 2.67 3.00 2.60 3.75 2.75 4.00 4.00 3.00 3.20 2.80 2.60 2.40 2.33 3.20 2.20 3.00
 1136  1 14 2.25 3.00 3.50 3.50 3.20 3.00 3.20 3.80 3.20 3.00 3.00 3.25 2.75 3.25 3.60 3.00 3.40 3.40 3.40 3.00 2.60 3.00 2.40 2.40 3.25 3.25 3.00 3.40 3.00 3.80 3.60 4.00 3.00 3.00 2.60 2.80  .    .    .    .    .    .    .    .    .    .    .    .    .  
 1137  1 14 2.75 3.00 4.00 3.80 3.80 3.40 3.20 4.00 3.40 3.33 3.60 3.25 3.00 3.75 3.40 3.80 3.60 3.40 3.80 3.60 3.20 3.00 3.40 3.40 3.00 3.00 3.75 3.00 3.80 3.20 3.40 4.00 3.20 3.00 3.20 3.40 3.00 3.00 3.50 3.00 3.60 3.00 3.20 4.00 3.20 2.67 3.00 2.80 2.20
 1138  0 14 2.75 3.75 3.50 2.80 3.60 3.80 3.40 3.40 2.40 4.00 3.00 2.50 2.25 3.25 2.80 3.40 3.40 3.00 2.40 2.40 3.00 3.33 2.20 2.20 3.00 2.50 3.00 2.80 3.00 3.00 2.80 2.80 2.60 3.00 2.60 2.60 3.00 2.25 3.00 3.00 3.00 3.00 3.00 3.00 2.60 3.00 2.80 2.20 3.00
 1139  1 15 3.25 2.00 2.50 3.00 4.00 3.00 2.80 3.80 2.80 2.67 2.80 3.25 2.25 3.50 3.00 3.80 3.40 3.20 3.00 2.80 2.00 3.00 2.00 2.00 4.00 2.25 3.00 3.20 4.00 2.80 2.80 2.80 3.00 3.00 2.80 2.40 3.50 2.75 3.00 3.20 3.80 3.40 2.80 3.00 2.80 3.00 2.60 2.60 2.60
 1140  0 14 2.00 1.50 3.67 2.75 3.20 3.20 3.20 1.80 2.60 3.00 2.40 3.00 3.00 3.00 3.00 3.20 3.60 2.80 3.20 3.20 2.80 3.33 2.60 2.60 3.00 3.00 2.75 3.40 3.20 3.80 3.00 3.60 2.80 2.33 3.20 2.80 3.00 3.25 3.50 3.40 4.00 3.40 3.20 3.80 2.80 3.67 3.00 3.00 3.80
 1141  0 14 3.25 2.00 2.75 3.00 2.60 2.20 2.60 2.80 2.60 2.33 2.40 3.50 2.25 2.50 2.80 3.00 3.00 3.00 3.00 3.20 2.40 2.33 3.20 3.20 3.50 2.00 2.50 3.00 3.80 2.60 3.00 3.80 3.20 2.00 2.60 3.20  .    .    .    .    .    .    .    .    .    .    .    .    .  
 1142  0 15 3.75 4.00 4.00 4.00 3.20 3.60 3.60 3.20 4.00 4.00 3.40  .    .    .    .    .    .    .    .    .    .    .    .    .   4.00 3.25 4.00 3.80 2.80 3.00 3.60 4.00 4.00 4.00 3.20 3.60 4.00 4.00 4.00 4.00 3.00 3.00 3.60 3.20 4.00 4.00 3.00 3.60 4.00
 1143  1 14 2.50 2.50 3.00 2.60 3.80 3.00 3.40 3.20 3.60 4.00 3.20 2.50 3.00 2.75 2.80 3.00 3.80 3.40 2.80 3.00 2.40 3.33 2.00 2.00 3.00 2.75 2.75 2.80 3.40 3.60 3.40 3.20 3.80 3.33 2.80 2.60 2.75 2.75 3.00 2.80 3.00 4.00 3.80 3.80 3.20 3.33 3.00 3.00 2.80
 1144  0 14 3.00 3.25 3.50 3.20 3.80 3.00 3.00 3.80 3.80 4.00 3.00 3.25 4.00 3.75 3.40 4.00 3.80 3.00 3.00 3.80 2.60 3.67 3.20 3.20 3.25 3.50 3.75 3.40 4.00 3.60 3.00 3.00 3.80 4.00 3.40 3.00 3.00 3.00 3.00 3.00 4.00 3.40 3.00 2.80 3.80 4.00 3.40 3.00 2.80
 1145  0 14 3.50 3.75 3.75 4.00 3.20 3.40 3.40 3.00 3.20 3.67 3.00 3.25 3.25 3.50 3.40 3.00 3.00 3.00 3.00 2.80 2.80 3.00 3.60 3.60 3.50 3.25 3.25 3.80 3.00 2.80 3.20 3.00 3.40 3.33 2.80 4.00 4.00 4.00 3.50 4.00 3.40 3.20 3.60 3.20 3.40 3.33 4.00 3.60 3.80
 1146  0 14 2.25 2.75 3.00 2.60 4.00 3.80 3.00 4.00 3.00 2.00 1.80 3.00 2.75 3.00 2.80 4.00 4.00 2.80 4.00 2.80 3.00 3.00 3.60 3.60 3.00 3.00 3.00 3.00 4.00 4.00 3.20 4.00 2.80 2.00 1.40 3.40 2.50 2.25 2.75 1.80 3.00 2.80 1.60 2.60 3.00 2.00 2.00 3.40 1.40
 1147  1 14 2.75 2.75 2.50 3.00 3.40 3.00 3.00 3.60 2.80 2.00 3.00 2.75 3.00 2.50 2.80 3.80 3.00 3.00 3.40 3.60 3.00 3.00 3.20 3.20 2.75 3.00 3.00 2.60 3.00 3.00 2.80 2.80 2.60 3.00 2.80 3.00 3.00 2.75 3.00 3.00 2.80 3.00 3.00 3.00 3.20 3.00 2.80 3.00 2.60
 1148  0 15 4.00 4.00 4.00 4.00 4.00 3.40 4.00 4.00 3.40 3.00 4.00 3.75 4.00 4.00 4.00 4.00 3.80 4.00 4.00 3.40 3.60 3.00 4.00 4.00 4.00 4.00 4.00 4.00 4.00 4.00 4.00 4.00 3.00 3.33 3.60 4.00 3.25 3.25 2.50 2.40 2.40 2.80 2.60 2.60 3.00 2.33 2.60 2.60 2.60
 1149  1 14 2.25 2.25 3.00 2.20 2.80 3.80 3.40 4.00 2.80 2.00 3.00 2.75 3.75 3.75 3.40 3.60 3.00 4.00 4.00 2.00 2.80 2.67 3.00 3.00 2.75 4.00 4.00 4.00 4.00 4.00 4.00 4.00 2.60 3.00 3.60 3.00 2.75 4.00 4.00 4.00 4.00 4.00 3.80 4.00 2.80 3.00 3.80 3.40 3.00
 1150  0 14 3.25 2.25 2.50 2.20 3.00 3.40 2.60 3.80 3.20 3.67 2.80 3.75 2.00 2.25 2.60 3.60 3.60 3.00 4.00 4.00 2.80 4.00 4.00 4.00 3.75 2.25 3.00 3.00 3.20 3.80 3.60 4.00 4.00 4.00 3.00 4.00 4.00 2.50 2.75 3.80 3.80 3.80 3.60 4.00 4.00 4.00 3.60 4.00 2.60
 1151  0 14 2.00 2.75 3.25 2.80 3.80 3.20 3.60 3.60 3.00 3.00 2.20 3.00 3.00 3.00 3.00 4.00 3.00 4.00 3.80 3.20 2.20 3.00 3.20 3.20 3.00 2.75 3.25 3.00 4.00 3.40 4.00 4.00 3.20 3.00 1.80 3.20 3.00 3.00 3.25 3.00 3.60 3.60 4.00 4.00 3.00 3.00 2.60 3.40 2.40
 1152  0 15 2.00 2.50 3.00 2.80 3.80 3.00 3.00 3.80 2.80 1.33 3.20 2.50 3.00 3.00 3.00 4.00 4.00 3.60 4.00 3.60 3.00 1.00 4.00 4.00 3.00 3.00 3.25 3.00 4.00 4.00 3.80 4.00 2.40 1.00 3.40 3.80  .    .    .    .    .    .    .    .    .    .    .    .    .  
 1153  0 14 2.00 2.00 3.33 2.50 3.00 3.40 3.40 3.60 2.80 1.00 1.80 2.25 2.00 3.00 2.00 3.00 2.80 2.60 2.60 2.80 2.40 2.33 2.60 2.60 2.00 2.50 3.00 2.40 2.60 3.40 3.00 3.40 2.60 2.33 2.80 2.60 2.25 3.00 3.00 2.80 3.00 2.80 3.20 3.00 3.00 3.00 3.00 3.00 2.00
 1154  0 14 4.00 3.75 3.25 4.00 3.20 2.40 3.60 4.00 2.40 4.00 2.40 4.00 1.50 3.50 3.80 3.40 3.40 3.20 4.00 2.80 2.20 3.67 3.60 3.60 3.75 2.75 3.00 3.40 2.20 2.60 2.60 2.60 2.40 3.00 2.60 3.80 3.00 3.00 3.00 3.00 3.00 3.00 2.80 3.00 2.40 3.33 2.60 3.00 3.00
 1155  1 14 2.25 2.50 3.50 2.40 2.80 4.00 3.40 4.00 2.20 2.67 2.80  .    .    .    .    .    .    .    .    .    .    .    .    .   2.25 2.75 3.25 2.80 3.20 4.00 3.60 4.00 2.40 2.67 2.20 2.80 2.25 3.00 3.50 2.80 3.00 3.00 3.00 2.80 2.60 3.00 2.40 2.40 2.00
 1156  1 15 2.75 3.00 3.25 3.00 4.00 4.00 3.60 4.00 4.00 3.33 4.00 3.00 2.75 3.25 3.00 3.80 4.00 4.00 4.00 3.80 3.60 4.00 3.60 3.60 3.00 2.75 3.75 3.40 4.00 4.00 4.00 4.00 4.00 4.00 4.00 3.40 3.25 3.00 3.50 3.00 3.80 3.60 4.00 4.00 3.80 4.00 4.00 3.00 2.40
 1157  1 14 2.75 2.00 2.75 2.40 4.00 3.20 3.60 4.00 3.20 3.00 3.60 3.00 2.00 3.00 2.80 4.00 3.00 3.80 4.00 3.20 3.20 3.00 3.00 3.00 3.00 2.50 3.50 3.00 4.00 4.00 4.00 4.00 3.20 3.33 3.40 3.20 3.00 2.00 2.75 2.80 4.00 3.60 4.00 3.40 3.00 3.33 3.60 3.20 3.80
 1158  1 14 3.00 3.75 3.75 3.80 3.00 3.40 4.00 4.00 3.60 3.33 3.00 3.25 3.00 3.00 3.00 3.00 3.20 3.40 4.00 3.80 3.00 4.00 3.20 3.20 3.25 3.00 3.00 3.00 2.80 3.20 3.20 4.00 4.00 4.00 3.20 3.00 3.25 3.00 3.00 3.00 2.80 3.00 3.60 4.00 3.60 4.00 3.00 3.40 3.20
 1159  0 14 3.00 3.00 2.75 2.80 4.00 3.80 3.20 2.80 2.80 3.00 2.60 3.25 2.50 2.75 2.80 3.60 3.60 2.80 2.80 3.20 3.00 3.33 2.80 2.80 3.00 2.50 2.75 2.60 3.80 4.00 2.80 4.00 3.00 2.67 3.00 2.60 2.75 2.00 2.00 2.00 3.80 4.00 2.40 4.00 2.80 3.00 3.00 3.00 2.80
 1160  1 16 2.25 2.00 2.75 2.00 1.80 2.40 2.80 3.20 2.40 2.00 2.60 2.50 2.25 2.50 2.60 2.20 2.80 2.60 2.80 2.20 2.40 2.67 2.40 2.40 2.50 2.50 2.75 2.40 2.20 2.80 2.80 3.00 2.40 2.00 2.20 2.80 2.50 2.25 2.75 2.00 2.00 2.80 2.80 3.00 2.40 2.33 2.40 2.60 3.00
 1161  1 14  .    .    .    .    .    .    .    .    .    .    .    .    .    .    .    .    .    .    .    .    .    .    .   3.43  .    .    .    .    .    .    .    .    .    .    .    .    .    .    .    .    .    .    .    .    .    .    .    .    .  
 1162  1 14  .    .    .    .    .    .    .    .    .    .    .    .    .    .    .    .    .    .    .    .    .    .    .    .    .    .    .    .    .    .    .    .    .    .    .    .   2.00 2.75 2.75 3.00 3.00 3.00 3.00 3.00 2.60 2.33 2.80 2.80 3.00
 1163  1 16  .    .    .    .    .    .    .    .    .    .    .    .    .    .    .    .    .    .    .    .    .    .    .    .    .    .    .    .    .    .    .    .    .    .    .    .    .    .    .    .    .    .    .    .    .    .    .    .    .  
 1164  1 14 2.50 2.00 2.50 2.80 3.50 3.33 3.50 3.67 2.20 3.00 2.40 2.75 2.75 3.00 3.40 3.60 3.80 4.00 3.80 3.20 4.00 2.67 4.00 4.00  .    .    .    .    .    .    .    .    .    .    .    .   2.25 2.75 3.00 2.80 4.00 3.80 3.80 2.00 2.80 3.33 3.80 3.80 4.00
 1165  0 15 3.75 3.50 4.00 2.80 3.00 3.33 4.00 3.00 3.40 4.00 4.00  .    .    .    .    .    .    .    .    .    .    .    .   2.94  .    .    .    .    .    .    .    .    .    .    .    .    .    .    .    .    .    .    .    .    .    .    .    .    .  
 1166  1 20 1.75 3.00 3.25 2.40 4.00 2.60 2.80 3.80 2.60 2.67 2.60 1.75 3.75 3.25 2.80 4.00 2.60 2.60 4.00 2.20 3.40 2.67  .   3.13 2.75 3.50 3.75 3.00 4.00 3.20 2.60 4.00 2.20 3.33 2.80 2.40 2.50 4.00 4.00 3.60 4.00 3.40 2.80 4.00 2.40 3.67 3.20 2.60 3.20
 1167  1 14 3.00 3.50 4.00 3.60 4.00 4.00 4.00 3.40 3.40 2.67 3.60 3.00 3.75 4.00 3.60 4.00 4.00 3.80 4.00 3.20 3.40 3.67  .   2.91  .    .    .    .    .    .    .    .    .    .    .    .   3.00 3.25 3.75 3.20 4.00 4.00 4.00 4.00 3.40 4.00 3.40 3.40 3.00
 1168  0 14 3.00 3.00 3.00 3.00 4.00 3.20 3.40 3.60 2.60 1.67 3.00 3.00 2.50 3.00 2.60 4.00 3.00 2.80 3.00 2.20 3.00 2.33  .   3.34 3.00 2.75 3.50 3.40 4.00 3.40 3.00 3.40 2.60 2.33 3.40 2.60 2.75 3.75 3.25 4.00 3.60 3.20 2.80 3.20 2.60 1.33 3.80 2.80 2.20
 1169  1 14 3.25 3.25 3.25 3.20 3.80 3.40 2.60 2.40 2.40 2.33 3.40 3.25 3.50 3.25 3.40 4.00 3.00 3.20 3.00 3.00 3.40 2.67  .   3.69 3.25 3.50 3.75 3.40 3.60 3.00 3.00 3.00 3.20 3.00 3.00 3.00 3.00 3.00 3.50 3.60 4.00 3.20 3.00 3.00 3.20 3.00 3.20 3.40 2.80
 1170  1 15 1.00 1.00 2.00 1.00 2.00 3.00 2.20 4.00 2.00 1.67 3.00 2.00 1.00 1.75 1.80 1.00 3.00 2.40 3.80 2.60 3.00 1.33  .   2.24  .    .    .    .    .    .    .    .    .    .    .    .   1.00 1.25 1.75 1.40 1.80 3.00 2.00 3.80 2.20 1.00 3.00 2.40 1.60
 1171  1 14 3.00 3.50 4.00 3.40 3.80 4.00 4.00 4.00 3.40 2.67 3.00 3.50 2.25 3.75 3.20 3.20 4.00 3.60 2.80 2.80 3.40 3.00  .   3.66 2.75 3.00 4.00 3.80 3.80 4.00 3.60 4.00 3.40 3.00 2.60 2.40 3.25 2.25 3.50 3.00 3.60 2.80 3.40 4.00 2.40 3.33 2.40 2.60 3.20
 1172  . 14 2.00 2.25 2.50 3.20 3.00 3.00 2.40 2.40 2.60 3.00 2.60  .    .    .    .    .    .    .    .    .    .    .    .    .    .    .    .    .    .    .    .    .    .    .    .    .    .    .    .    .    .    .    .    .    .    .    .    .    .  
 1173  . 14 2.75 3.75 3.25 2.60 2.20 2.20 2.40 1.20 1.80 3.33 2.40  .    .    .    .    .    .    .    .    .    .    .    .    .    .    .    .    .    .    .    .    .    .    .    .    .    .    .    .    .    .    .    .    .    .    .    .    .    .  
 1174  0 15 3.50 3.50 3.75 3.40 3.20 3.00 2.80 3.60 2.60 3.33 3.20 3.25 3.00 3.25 3.40 2.60 2.80 2.40 2.20 3.00 3.00 2.33  .   2.95 3.00 3.00 3.00 3.00 3.00 3.00 2.80 3.00 3.00 3.00 2.80 3.00 3.00 3.00 3.00 3.00 3.00 3.00 2.80 3.00 3.00 3.00 3.00 3.00 2.80
 1175  0 16 3.25 4.00 4.00 3.20 3.00 2.50 3.25 2.75  .   2.67  .    .    .    .    .    .    .    .    .    .    .    .    .   2.78 4.00 4.00 4.00 4.00 4.00 4.00 4.00 4.00 3.60 3.67 3.60 4.00  .    .    .    .    .    .    .    .    .    .    .    .    .  
 1176  0 14 3.75 2.50 3.75 3.80 3.80 3.00 4.00 4.00 3.20 3.33 4.00 3.75 3.00 3.25 3.20 4.00 4.00 3.80 4.00 2.80 2.20 4.00  .   3.11 3.75 4.00 4.00 4.00 4.00 4.00 3.80 4.00 3.40 4.00 3.40 2.40 3.50 2.75 3.75 3.80 3.80 3.60 4.00 4.00 3.60 4.00 3.60 2.40 4.00
 1177  0 15 4.00 4.00 4.00 4.00 3.20 2.80 2.80 2.80 2.40 4.00 3.00 3.00 2.00 2.75 3.40 1.60 2.20 2.40 2.60 2.00 3.20 2.33  .   3.45 4.00 4.00 4.00 4.00 4.00 4.00 4.00 4.00 4.00 4.00 4.00 4.00 4.00 4.00 4.00 4.00 4.00 4.00 4.00 3.40 3.00 4.00 3.60 3.60 4.00
 1178  0 15 3.75 2.50 2.50 4.00 3.60 3.20 3.40 3.20 3.20 3.33 3.20  .    .    .    .    .    .    .    .    .    .    .    .    .   3.50 3.25 3.00 3.20 3.40 2.80 3.00 2.80 2.80 4.00 2.80 3.00 2.50 2.25 2.75 2.80 3.00 2.80 3.40 2.80 3.00 3.00 2.20 3.20 3.40
 1179  0 14 3.25 3.25 2.75 2.60 3.00 3.00 3.00 3.00 2.80 3.00 3.00 3.25 3.75 3.75 3.60 3.40 3.00 3.00 2.80 2.80 3.00 3.00  .   3.07 3.75 4.00 3.75 3.80 3.20 3.20 3.20 3.40 2.80 3.67 3.00 2.60 4.00 4.00 4.00 4.00 4.00 4.00 4.00 4.00 3.40 4.00 3.40 3.20 3.40
 1180  0 14 3.75 4.00 3.75 3.60 2.40 2.60 3.00 2.40 2.40 2.67 3.00 3.25 2.25 2.50 2.80 2.20 2.00 2.40 2.60 3.00 2.80 2.67  .   2.67 4.00 4.00 4.00 4.00 3.20 3.00 3.20 3.80 3.20 3.33 2.00 4.00  .    .    .    .    .    .    .    .    .    .    .    .    .  
 1181  1 14 1.75 2.00 3.00 2.00 4.00 2.80 3.60 4.00 3.60 1.00 4.00 1.75 2.00 3.75 2.00 4.00 4.00 4.00 4.00 3.60 3.20 1.00  .   3.76 1.75 2.50 3.50 2.00 4.00 4.00 4.00 4.00 3.80 1.00 4.00 4.00 1.50 2.00 3.75 2.20 4.00 4.00 4.00 4.00 4.00 2.33 4.00 4.00 1.20
 1182  0 14 2.00 3.25 2.00 2.80 3.40 3.40 2.40 2.20 2.40 2.00 3.20 2.50 2.75 2.75 2.60 3.00 3.20 2.20 2.40 1.80 1.20 3.00  .   3.11 1.50 1.75 1.50 1.40 3.80 3.40 3.20 3.20 2.40 1.33 1.20 3.20 1.50 1.75 1.50 1.80 3.00 3.20 2.20 2.00 2.20 2.33 1.40 3.40 1.00
 1183  0 14 3.25 3.75 3.75 3.60 3.60 3.80 4.00 3.80 2.60 2.33 4.00 3.00 2.75 3.00 3.20 3.80 4.00 4.00 4.00 3.00 3.60 2.33  .   3.34 2.50 2.25 3.25 2.60 4.00 4.00 4.00 4.00 3.20 3.00 3.20 3.80 4.00 1.75 2.75 3.00 2.40 2.80 2.60 2.60 3.80 3.00 2.20 2.00 2.20
 1184  0 14 2.50 2.75 3.00 2.40 3.20 2.60 2.40 2.80 2.60 2.33 2.80 2.75 2.50 3.00 2.20 2.20 2.80 2.60 2.40 2.20 2.00 2.33  .   3.82 3.00 3.00 2.75 2.80 2.20 2.80 2.80 2.60 2.20 2.00 2.20 2.40 2.75 2.75 2.75 2.80 2.40 2.60 2.40 2.40 2.60 2.33 2.60 2.60 2.80
 1185  0 14 2.75 2.50 3.25 1.80 1.60 2.20 3.20 2.00 2.60 1.00 1.60 3.50 2.00 2.50 2.00 2.00 2.40 2.80 2.00 3.80 1.20 1.00  .   3.09 2.50 2.50 2.75 1.80 2.40 2.20 2.80 2.80 3.40 1.00 2.80 3.00 3.00 3.00 3.50 3.40 2.00 2.00 3.60 2.60 2.60 1.00 3.00 3.00 2.20
 1186  0 14 4.00 2.25 2.75 3.80 4.00 3.00 2.60 3.80 3.80 3.67 2.20 4.00 1.75 3.00 4.00 4.00 2.60 2.00 2.00 3.60 2.60 4.00  .   1.44 4.00 2.00 3.00 3.00 4.00 3.40 2.00 2.60 3.40 4.00 2.20 4.00 4.00 1.75 3.25 4.00 3.40 3.40 2.60 4.00 3.40 4.00 3.20 4.00 2.20
 1187  1 14 1.50 1.25 4.00 1.60 4.00 3.00 3.40 4.00 2.00 1.00 1.60 1.25 1.50 3.75 1.80 4.00 3.40 3.00 4.00 1.80 1.80 1.00  .   3.77 1.00 2.50 4.00 1.60 4.00 3.40 3.40 4.00 2.00 1.00 2.00 4.00 1.75 1.75 3.50 1.60 4.00 3.20 3.80 4.00 2.00 1.33 2.00 3.80 1.00
 1188  0 14 2.25 3.00 3.25 3.00 4.00 3.40 2.80 2.60 3.00 3.00 3.00 2.25 2.75 3.50 3.00 4.00 3.00 3.00 2.00 3.00 3.40 3.00  .   2.32 2.25 3.00 3.50 3.00 4.00 3.60 2.60 3.00 3.00 3.00 2.80 3.00 2.25 2.75 3.00 3.00 3.00 3.00 3.00 2.40 2.80 3.00 2.80 3.00 2.40
 1189  1 14 2.75 3.00 4.00 2.20 3.80 3.80 3.40 4.00 3.80 4.00 4.00 2.25 2.75 3.50 2.40 4.00 4.00 3.60 4.00 3.80 3.60 1.67  .   3.59 1.25 1.00 3.25 1.60 4.00 4.00 2.60 3.00 4.00 1.00 2.80 4.00 2.00 2.75 4.00 3.00 4.00 4.00 3.60 4.00 4.00 1.00 3.60 3.60 3.20
 1190  1 14 2.75 3.50 3.75 2.80 3.60 3.80 4.00 4.00 3.00 1.67 4.00 1.25 3.00 3.25 2.40 3.40 4.00 3.40 4.00 1.80 3.40 1.33  .   3.64 2.25 3.50 3.50 3.40 3.60 4.00 3.80 4.00 2.20 1.67 3.80 3.60 2.00 3.50 3.50 2.40 3.60 3.80 3.40 4.00 1.60 1.33 3.60 4.00 3.40
 1191  0 14 3.50 2.75 3.50 3.80 3.20 2.80 3.40 2.60 3.20 3.00 2.60 3.25 2.25 2.25 3.00 2.60 2.20 3.40 2.40 2.00 2.40 3.67  .   1.50 4.00 4.00 3.75 3.60 4.00 4.00 3.40 2.20 3.20 4.00 3.40 3.20 4.00 4.00 4.00 4.00 3.40 3.40 3.60 3.00 2.80 4.00 2.60 3.20 3.40
 1192  0 14 3.25 4.00 4.00 3.40 2.80 3.20 3.40 3.40 2.80 4.00 2.80 2.75 2.00 2.50 2.60 2.00 2.60 3.00 2.40 2.80 2.80 3.33  .   2.10 2.50 2.25 3.25 2.80 3.20 3.00 3.20 3.80 2.40 3.00 2.20 4.00 3.00 1.75 2.50 2.40 2.80 2.60 2.60 2.00 2.40 2.33 2.40 2.20 2.80
 1193  0 14 4.00 4.00 4.00 3.40 2.20 2.80 2.20 2.20 2.20 4.00 2.20  .    .    .    .    .    .    .    .    .    .    .    .   3.70  .    .    .    .    .    .    .    .    .    .    .    .   4.00 3.75 3.75 3.80 4.00 3.00 3.80 4.00 4.00 4.00 3.80 4.00 4.00
 1194  1 14 2.50 3.00 3.25 2.80 2.40 2.80 3.00 3.40 2.60 3.00 2.60 2.50 3.00 3.00 3.00 2.00 3.00 3.00 3.00 2.80 2.80 3.00  .   2.56 2.00 2.25 2.25 2.80 2.00 2.00 2.00 3.00 2.60 3.00 2.00 2.60 2.25 2.00 2.75 2.00 1.20 2.20 3.20 4.00 2.80 2.00 2.00 3.80 2.00
 1195  0 14 2.75 3.00 2.50 3.00 3.40 2.20 2.00 1.80 2.80 3.00 2.00 3.25 3.00 2.25 3.00 3.00 1.80 2.40 2.80 2.60 2.00 2.67  .   2.75 3.25 2.50 2.50 3.00 3.60 2.00 2.40 2.60 3.40 3.00 2.20 3.00 3.00 3.00 2.75 3.00 3.00 2.00 2.80 3.00 2.80 3.00 2.00 3.00 2.60
 1196  0 15 4.00 3.25 4.00 4.00 3.80 3.60 3.20 3.80 3.80 4.00 3.00 4.00 3.00 3.00 3.20 2.80 3.40 2.40 2.20 3.20 2.20 3.00  .   2.78 4.00 4.00 4.00 4.00 3.20 4.00 4.00 4.00 3.40 4.00 3.00 3.40 4.00 4.00 4.00 4.00 4.00 4.00 4.00 4.00 4.00 4.00 3.40 4.00 4.00
 1197  0 14 3.75 3.00 4.00 3.60 3.60 3.60 2.60 3.60 3.20 3.67 3.40 4.00 2.50 3.50 3.40 4.00 4.00 3.00 4.00 4.00 3.80 4.00  .   3.64 3.75 2.75 3.75 3.00 4.00 4.00 2.80 4.00 3.80 3.00 3.60 4.00  .    .    .    .    .    .    .    .    .    .    .    .    .  
 1198  0 14 2.50 3.25 3.25 2.80 3.40 3.80 2.00 3.20 2.20 1.00 2.20  .    .    .    .    .    .    .    .    .    .    .    .   3.54  .    .    .    .    .    .    .    .    .    .    .    .    .    .    .    .    .    .    .    .    .    .    .    .    .  
 1199  0 14 3.75 3.25 4.00 3.40 3.80 3.20 3.40 4.00 3.80 1.00 2.80 3.25 2.75 3.25 3.40 3.80 2.40 3.00 4.00 3.60 2.40 3.00  .   2.41 3.75 2.50 3.25 3.20 3.20 2.80 3.40 4.00 3.60 1.00 2.20 3.20 3.75 2.50 3.25 2.60 3.40 3.00 3.40 4.00 3.60 1.33 1.80 3.60 3.60
 1200  1 14 3.00 3.00 3.25 2.80 4.00 4.00 3.80 4.00 3.80 3.67 3.00 3.50 3.50 3.50 2.80 4.00 3.40 3.80 4.00 3.80 2.80 4.00  .   2.72 3.50 4.00 3.75 3.20 4.00 4.00 3.80 4.00 4.00 4.00 3.00 3.60 3.75 2.75 4.00 3.00 4.00 4.00 3.80 4.00 4.00 4.00 3.00 3.80 3.40
 1201  0 14 3.75 3.50 3.50 3.80 2.40 2.80 2.80 4.00 3.60 4.00 2.40 3.00 3.00 3.25 3.00 2.20 2.80 2.80 3.00 3.20 2.20 3.33  .   3.28 3.00 3.00 3.00 3.00 3.00 3.00 2.80 3.00 3.60 3.33 3.00 3.80 4.00 4.00 3.50 4.00 2.20 3.60 3.40 3.40 4.00 4.00 2.80 4.00 1.80
 1202  1 14 2.75 2.00 3.00 2.20 3.40 2.00 2.60 2.80 3.20 2.33 2.40 2.75 2.00 2.00 2.00 3.20 1.60 3.00 4.00 3.80 2.40 3.00  .   2.93 2.75 2.00 2.25 2.20 2.80 1.40 2.20 4.00 3.60 3.00 2.60 3.00 3.00 2.00 3.50 2.60 3.20 1.00 3.20 4.00 4.00 2.33 2.40 3.80 2.40
 1203  0 14 4.00 4.00 4.00 4.00 4.00 4.00 3.40 4.00 4.00 4.00 4.00 4.00 3.00 4.00 4.00 4.00 3.40 4.00 4.00 4.00 3.40 4.00  .   3.58 4.00 4.00 4.00 4.00 4.00 4.00 4.00 4.00 4.00 4.00 4.00 4.00 4.00 3.75 3.75 3.80 4.00 3.00 3.80 4.00 4.00 4.00 3.80 4.00 4.00
 1204  0 15 2.25 2.00 3.50 2.40 2.00 3.20 2.40 3.20 2.80 3.33 1.80  .    .    .    .    .    .    .    .    .    .    .    .   2.88 3.75 2.00 1.25 2.20 3.60 4.00 2.40 3.20 3.40 4.00 3.20 3.20  .    .    .    .    .    .    .    .    .    .    .    .    .  
 1205  1 16 2.75 1.75 3.25 2.00 4.00 3.60 3.60 4.00 3.00 3.00 2.00 2.75 1.50 2.25 1.80 3.80 4.00 3.60 4.00 3.40 2.00 3.00  .   3.25 3.00 2.00 2.75 2.00 3.80 3.20 3.20 3.60 3.00 3.00 2.00 4.00 3.00 2.00 3.00 1.80 3.80 3.00 3.40 3.80 3.20 3.00 2.00 3.80 3.00
 1206  . 14 2.25 2.50 2.25 2.00 2.80 2.80 3.00 2.20 2.20 2.67 2.60  .    .    .    .    .    .    .    .    .    .    .    .    .    .    .    .    .    .    .    .    .    .    .    .    .    .    .    .    .    .    .    .    .    .    .    .    .    .  
 1207  0 14 3.00 3.75 3.50 3.00 2.80 2.80 3.20 2.60 3.60 2.00 2.40 3.00 3.00 3.25 3.20 3.20 3.00 3.20 3.40 2.60 2.60 2.33  .   3.38 3.00 3.00 3.00 3.00 3.40 3.40 3.60 3.60 2.80 3.00 2.60 2.60 3.00 3.25 3.00 3.00 3.00 3.00 3.00 3.20 2.80 2.00 1.80 3.00 3.00
 1208  1 14 2.00 1.50 2.50 1.60 3.60 3.60 3.00 3.40 2.80 1.33 2.80 2.00 1.75 2.50 1.60 3.40 4.00 3.20 4.00 2.60 2.80 3.33  .   2.58 2.75 2.50 2.75 2.60 3.60 3.80 3.40 4.00 2.60 3.00 3.00 3.00 2.25 2.25 2.50 2.00 3.20 3.00 2.80 2.80 2.40 2.00 2.60 3.00 2.20
 1209  1 14 1.50 2.25 3.25 2.40 3.80 3.40 3.00 4.00 2.60 1.33 3.20 2.25 2.00 2.50 1.80 3.40 3.80 3.40 4.00 2.40 3.20 1.33  .   3.41 2.25 2.75 3.00 2.80 2.60 2.40 2.60 2.60 3.20 2.33 3.00 3.00 2.25 3.00 2.75 2.40 2.60 2.20 2.40 2.60 2.40 1.67 3.00 2.60 2.40
 1210  0 14 3.50 2.75 3.00 3.20 3.80 3.20 3.40 3.60 3.40 3.00 2.80 3.00 3.00 3.00 3.20 4.00 2.60 3.60 4.00 3.80 2.20 2.33  .   3.48 3.00 2.75 3.25 3.00 3.80 3.20 3.80 3.80 3.00 2.33 2.80 2.80 3.25 2.50 3.00 3.60 4.00 4.00 4.00 4.00 3.40 2.67 2.80 3.00 3.40
 1211  0 14 4.00 3.50 3.75 4.00 4.00 3.40 3.80 4.00 3.40 3.67 3.80 3.75 4.00 4.00 3.80 4.00 4.00 4.00 4.00 3.00 3.80 4.00  .   3.49 3.75 3.75 4.00 4.00 4.00 4.00 4.00 4.00 3.60 4.00 3.40 3.60 3.75 3.75 4.00 4.00 4.00 4.00 3.80 4.00 3.60 4.00 3.60 3.80 3.80
 1212  1 15 1.00 1.50 3.00 1.60 3.80 3.00 2.00 3.20 1.00 1.00 1.60 1.25 3.00 3.25 1.60 4.00 2.40 3.20 3.20 1.60 1.00 1.00  .   3.40 1.25 3.00 2.50 1.80 3.00 2.00 2.00 3.00 1.00 1.00 1.60  .   1.00 3.00 3.00 1.00 2.40 2.00 2.40 3.00 1.60 1.00 1.60 2.80 3.40
 1213  0 14 2.50 3.00 3.50 3.00 3.20 2.60 3.40 3.20 2.60 3.33 2.60 2.50 3.25 3.25 2.60 3.20 2.60 3.80 3.40 2.60 2.40 3.00  .   2.49 3.00 3.25 3.00 3.00 3.20 2.80 3.20 3.00 2.80 3.00 2.40 3.80 4.00 4.00 4.00 4.00 4.00 4.00 4.00 3.40 3.40 4.00 4.00 3.00 4.00
 1214  0 14 4.00 4.00 4.00 4.00 3.00 3.40 3.40 3.40 3.20 4.00 3.80  .    .    .    .    .    .    .    .    .    .    .    .    .   4.00 4.00 3.75 3.60 3.40 2.80 3.40 3.00 3.40 4.00 4.00 3.40 4.00 4.00 3.50 4.00 3.20 2.00 3.80 3.80 3.40 4.00 3.60 3.40 3.40
 1215  0 14 3.00 3.50 4.00 3.40 3.80 2.40 3.00 3.60 3.20 3.00 3.60 3.25 3.50 3.50 3.60 4.00 2.80 3.00 3.40 3.60 4.00 3.67  .   2.91 3.00 3.25 3.50 3.40 4.00 3.20 2.80 3.00 3.00 4.00 3.80 4.00 3.50 4.00 3.75 3.40 4.00 3.20 3.40 3.20 3.20 4.00 4.00 4.00 3.20
 1216  0 14 3.25 4.00 4.00 4.00 4.00 3.40 4.00 4.00 3.60 4.00 3.60 4.00 4.00 4.00 4.00 4.00 4.00 4.00 4.00 3.60 3.80 3.00  .   3.74 4.00 4.00 4.00 4.00 4.00 4.00 4.00 4.00 3.60 3.00 4.00 3.80  .    .    .    .    .    .    .    .    .    .    .    .    .  
 1217  0 15 4.00 3.25 4.00 3.80 3.80 3.40 4.00 3.80 3.40 3.33 2.60 3.25 3.50 4.00 3.40 3.40 3.60 3.40 3.00 3.60 2.40 3.33  .   2.69 3.50 4.00 3.50 4.00 2.80 3.60 3.60 3.20 3.40 3.67 2.20 3.20 3.25 3.00 3.25 3.00 3.60 3.00 3.40 3.60 3.00 3.33 2.60 3.00 2.80
 1218  1 14 2.00 2.75 3.75 2.60 4.00 3.20 3.60 4.00 2.60 1.00 2.60 2.75 3.00 3.25 2.20 3.80 3.40 3.60 4.00 3.00 2.60 2.33  .   3.01 2.25 3.00 3.50 2.60 3.80 4.00 4.00 4.00 3.00 2.00 3.20 3.40  .    .    .    .    .    .    .    .    .    .    .    .    .  
 1219  0 14 2.75 2.50 3.25 3.40 3.60 2.00 2.40 2.00 3.00 3.33 2.40 3.25 2.25 3.00 3.80 3.80 2.40 2.40 1.60 3.00 3.20 3.33  .   1.28 3.25 2.00 2.50 3.20 3.00 2.00 2.80 2.20 3.80 3.00 2.60 3.00  .    .    .    .    .    .    .    .    .    .    .    .    .  
 1220  0 14 3.00 3.25 3.25 3.60 3.40 3.20 3.40 2.80 3.00 3.67 3.20 3.00 3.50 3.25 3.80 3.20 3.40 3.40 3.00 3.40 3.20 3.33  .   2.78 3.25 4.00 3.75 4.00 3.40 3.80 3.40 3.20 3.20 3.67 3.80 3.00 3.50 4.00 3.75 4.00 3.80 3.80 3.60 4.00 3.40 4.00 3.80 3.20 3.80
 1221  1 15 2.50 2.25 3.00 2.60 2.80 3.00 3.00 3.00 2.80 3.00 3.00 2.75 2.25 3.00 2.80 2.80 3.00 3.00 3.00 2.80 3.00 3.00  .   2.98 3.00 3.00 3.00 2.80 2.80 3.00 3.00 3.00 2.80 3.00 3.00 3.00 3.00 2.75 3.00 2.60 3.00 3.00 3.00 3.00 2.80 3.00 3.00 3.00 3.00
 1222  1 14 1.75 1.25 2.75 1.60 2.80 3.00 3.20 4.00 2.00 2.00 2.60 2.00 1.00 2.50 1.60 3.00 3.60 3.00 3.80 2.80 2.80 3.00  .   3.21 2.00 1.00 2.50 2.00 3.40 3.20 3.00 4.00 2.60 2.67 2.60 2.60 1.75 1.00 1.75 1.60 3.20 3.60 3.00 4.00 2.60 3.00 2.40 2.80 1.40
 1223  0 14 3.25 3.50 3.50 3.80 3.80 2.80 4.00 3.00 2.60 2.67 3.00 3.75 3.00 3.50 3.00 3.40 3.00 3.40 3.20 2.40 2.80 3.00  .   2.96 3.50 3.75 3.75 3.20 3.60 3.20 3.40 3.20 2.60 3.33 3.00 2.60 3.25 3.75 3.25 3.20 3.80 3.40 3.40 3.00 2.40 3.33 2.80 4.00 3.20
 1224  0 14 2.75 2.00 3.25 2.80 3.80 3.80 3.00 3.20 3.20 4.00 3.40 2.75 2.50 3.00 2.60 3.80 3.40 2.80 3.00 2.60 2.40 3.67  .   3.07 3.25 2.50 3.25 3.00 4.00 3.20 2.80 3.00 3.20 4.00 2.80 3.40 3.25 2.50 3.00 3.00 4.00 3.80 2.80 3.00 3.20 4.00 2.80 3.20 2.60
 1225  0 14 3.00 2.75 2.75 3.20 2.80 2.80 2.80 3.00 2.80 4.00 2.80 3.75 3.00 3.75 4.00 4.00 3.40 4.00 4.00 3.60 3.20 4.00  .   3.18 3.00 2.75 3.00 3.00 3.00 3.00 3.00 3.00 3.40 3.33 2.80 3.00 4.00 4.00 4.00 4.00 4.00 4.00 4.00 4.00 4.00 4.00 4.00 3.00 3.20
 1226  1 14 2.25 2.00 2.75 2.20 4.00 3.00 3.20 4.00 3.60 3.00 3.40 2.25 2.00 2.50 2.00 3.00 3.00 3.40 4.00 2.80 2.60 3.00  .   3.22 2.75 2.75 3.00 2.80 4.00 4.00 3.80 4.00 3.40 4.00 2.80 4.00 3.00 2.25 3.50 2.80 3.40 4.00 3.60 4.00 3.40 4.00 4.00 3.80 2.80
 1227  1 15 2.00 4.00 4.00 2.40 2.00 2.80 3.40 4.00 2.20 2.00 2.80  .    .    .    .    .    .    .    .    .    .    .    .    .   2.25 3.00 3.25 3.00 2.20 2.20 3.20 3.00 2.00 2.00 2.40 3.00 2.00 3.25 3.25 2.00 2.20 2.20 2.60 3.00 2.00 2.00 2.80 2.20 3.00
 1228  0 14 3.00 2.25 3.75 3.00 2.60 3.40 3.60 4.00 3.40 3.67 3.00 3.00 2.00 3.25 2.80 3.00 3.20 3.40 3.80 3.40 2.80 3.00  .   3.40 3.00 2.00 3.25 2.80 3.00 3.60 3.40 4.00 3.40 3.00 3.00 4.00  .    .    .    .    .    .    .    .    .    .    .    .    .  
 1229  1 17 3.00 3.75 4.00 3.00 3.20 3.20 3.60 4.00 2.60 1.00 1.00 3.00 4.00 3.75 3.80 3.60 3.80 3.60 4.00 2.80 1.80 1.00  .   3.67 2.75 4.00 4.00 3.60 3.60 3.00 3.60 4.00 2.00 1.00 1.00 3.00 3.00 3.50 3.75 3.40 3.40 3.20 3.80 4.00 2.60 1.00 1.20 3.20 4.00
 1230  1 14 2.75 1.75 3.25 2.80 2.40 3.00 3.00 4.00 3.20 3.33 2.40 2.75 2.25 3.00 2.20 3.40 3.60 3.00 4.00 2.80 2.80 3.00  .   2.62 3.50 2.25 3.25 2.40 2.60 3.40 3.40 4.00 3.00 3.33 2.40 2.60 3.50 2.25 2.75 2.60 2.60 2.60 3.00 3.40 2.80 3.33 2.80 2.80 2.60
 1231  1 14 2.00 2.00 3.00 1.80 3.40 3.20 2.80 4.00 2.80 2.33 2.60 2.00 2.00 2.25 2.00 3.00 3.00 2.60 4.00 2.60 2.80 2.67  .   3.62 1.75 2.00 2.25 2.60 3.60 3.60 3.00 3.80 2.40 3.00 2.60 3.00 2.00 2.00 2.50 2.00 3.60 2.80 3.20 4.00 2.20 2.67 2.80 3.00 2.00
 1232  0 14 2.75 3.50 3.25 3.60 3.00 3.00 2.80 3.40 2.80 3.33 3.20  .    .    .    .    .    .    .    .    .    .    .    .    .   4.00 4.00 4.00 4.00 4.00 4.00 3.40 4.00 2.80 2.00 3.60 4.00 3.00 3.50 3.50 3.60 3.80 3.80 3.00 4.00 2.80 2.00 2.60 2.80 4.00
 1233  0 14 2.75 3.00 3.00 3.00 3.80 2.80 3.20 2.80 3.40 3.00 3.40 3.25 2.50 3.25 3.00 3.80 3.00 3.00 2.20 3.20 2.80 3.00  .   1.97 3.50 3.00 3.00 3.40 3.80 3.00 3.00 3.00 3.60 3.67 3.20 3.80 3.50 2.75 3.25 3.20 3.80 3.00 3.00 2.80 3.20 3.00 3.00 4.00 3.00
 1234  1 14 2.00 2.50 3.25 2.00 2.20 3.40 2.20 4.00 2.80 2.00 3.00 2.00 2.50 3.00 2.00 3.00 3.00 2.60 3.00 2.60 2.60 1.67  .   2.64 2.00 2.50 3.50 2.80 3.20 3.00 3.00 3.40 3.00 2.33 2.60 2.80 2.00 3.00 3.50 2.80 2.40 3.00 3.20 4.00 2.40 2.00 3.00 2.20 2.80
 1235  1 14  .    .    .    .    .    .    .    .    .    .    .   2.50 2.50 2.75 1.60 2.40 2.40 2.60 3.20 2.00 3.20 3.33  .   3.57  .    .    .    .    .    .    .    .    .    .    .    .   2.75 2.25 3.00 2.00 2.80 2.60 2.20 1.80 3.20 3.00 3.20 1.80 2.60
 1236  0 15  .    .    .    .    .    .    .    .    .    .    .   4.00 4.00 4.00 3.60 3.40 3.00 3.60 4.00 3.00 3.40 3.00  .   3.41 2.50 3.00 3.00 3.00 3.00 2.80 2.80 3.00 3.00 2.33 2.40 2.80 2.75 2.50 2.50 2.80 3.00 3.00 2.80 3.00 2.80 2.33 2.80 2.60 2.60
 1237  0 14  .    .    .    .    .    .    .    .    .    .    .   3.00 3.00 3.00 3.00 3.00 2.80 3.00 3.00 3.20 2.60 3.00  .   2.76 3.00 3.00 3.00 3.00 3.00 3.00 3.00 3.00 3.00 3.00 3.00 2.80 3.00 2.25 3.50 3.40 3.00 3.00 3.00 3.00 2.40 3.33 2.40 3.00 2.80
 1238  0 14  .    .    .    .    .    .    .    .    .    .    .   3.50 2.50 3.25 3.80 4.00 2.80 3.60 2.80 2.40 3.00 3.33  .   2.57  .    .    .    .    .    .    .    .    .    .    .    .    .    .    .    .    .    .    .    .    .    .    .    .    .  
 1239  0 14  .    .    .    .    .    .    .    .    .    .    .   4.00 3.00 2.75 3.00 4.00 2.40 2.80 2.20 2.80 3.00 3.33  .   2.86  .    .    .    .    .    .    .    .    .    .    .    .    .    .    .    .    .    .    .    .    .    .    .    .    .  
 1240  1 15  .    .    .    .    .    .    .    .    .    .    .   2.75 3.00 3.50 3.20 4.00 3.80 3.60 4.00 3.20 3.00 3.00 2.80 2.80 3.25 2.25 3.25 3.20 4.00 3.40 3.80 4.00 3.00 2.00 3.20 3.40 3.50 2.50 3.75 3.20 3.80 2.80 3.80 4.00 3.00 3.00 3.20 3.40 3.00
 1241  0 14  .    .    .    .    .    .    .    .    .    .    .   2.75 2.50 4.00 3.20 3.80 3.20 3.60 4.00 3.40 3.40 2.33 4.00 4.00 3.25 4.00 4.00 3.60 4.00 4.00 3.80 4.00 3.60 3.00 3.20 4.00 4.00 4.00 4.00 3.40 4.00 4.00 4.00 4.00 3.60 4.00 3.40 4.00 4.00
 1242  1 17  .    .    .    .    .    .    .    .    .    .    .   2.25 2.50 3.25 2.40 3.20 3.80 3.80 4.00 2.80 2.60 3.33 2.80 2.80  .    .    .    .    .    .    .    .    .    .    .    .   3.00 4.00 3.75 3.80 4.00 4.00 4.00 4.00 2.20 4.00 4.00 3.20 3.60
 1243  0 15  .    .    .    .    .    .    .    .    .    .    .   4.00 4.00 4.00 4.00 4.00 4.00 4.00 4.00 4.00 3.40 4.00 4.00 4.00  .    .    .    .    .    .    .    .    .    .    .    .    .    .    .    .    .    .    .    .    .    .    .    .    .  
 1244  1 14  .    .    .    .    .    .    .    .    .    .    .   2.00 4.00 4.00 4.00 3.80 3.80 3.60 3.80 3.00 3.20 2.67 3.40 3.40 1.75 4.00 4.00 3.40 3.20 3.60 3.40 4.00 3.20 1.67 2.60 4.00 2.00 4.00 4.00 3.20 3.80 4.00 3.80 4.00 3.20 2.67 3.20 3.80 3.40
 1245  1 14  .    .    .    .    .    .    .    .    .    .    .    .    .    .    .    .    .    .    .    .    .    .    .    .   1.25 2.50 2.75 1.40 1.80 3.00 3.20 3.60 1.60 1.67 3.00 2.00  .    .    .    .    .    .    .    .    .    .    .    .    .  
 1246  0 14  .    .    .    .    .    .    .    .    .    .    .    .    .    .    .    .    .    .    .    .    .    .    .    .   3.25 2.25 3.50 3.40 3.60 3.60 3.60 3.20 3.40 3.67 3.40 2.60  .    .    .    .    .    .    .    .    .    .    .    .    .  
 1247  0 14  .    .    .    .    .    .    .    .    .    .    .    .    .    .    .    .    .    .    .    .    .    .    .    .   2.25 2.50 3.75 3.00 2.80 1.80 2.60 2.60 2.60 2.67 3.00 2.80 3.25 2.50 1.75 2.80 2.60 2.80 2.40 1.40 3.00 3.33 3.20 2.40 2.40
 1248  1 15  .    .    .    .    .    .    .    .    .    .    .    .    .    .    .    .    .    .    .    .    .    .    .    .   2.00 2.75 3.25 3.00 3.40 3.20 3.60 4.00 2.40 1.67 2.80 2.80  .    .    .    .    .    .    .    .    .    .    .    .    .  
 1249  0 14  .    .    .    .    .    .    .    .    .    .    .    .    .    .    .    .    .    .    .    .    .    .    .    .   2.00 2.50 2.50 2.60 2.20 2.40 2.40 2.60 2.60 2.00 3.00 2.80 2.75 2.00 2.50 2.80 2.80 3.20 3.20 2.40 2.20 2.67 1.40 2.60 2.80
 1250  1 17  .    .    .    .    .    .    .    .    .    .    .    .    .    .    .    .    .    .    .    .    .    .    .    .   3.00 2.50 2.75 2.80 3.60 3.20 3.00 3.40 3.00 1.67 2.80 2.40  .    .    .    .    .    .    .    .    .    .    .    .    .  
 1251  0 15  .    .    .    .    .    .    .    .    .    .    .    .    .    .    .    .    .    .    .    .    .    .    .    .   2.75 3.00 3.00 3.20 2.40 2.80 2.40 2.60 2.60 2.33 1.80 3.00 2.75 2.50 3.00 3.40 3.00 2.20 2.80 2.60 2.00 3.33 1.60 3.00 2.60
 1252  0 16  .    .    .    .    .    .    .    .    .    .    .    .    .    .    .    .    .    .    .    .    .    .    .    .   2.25 3.25 3.25 2.20 3.00 2.00 2.60 2.80 2.40 1.67 2.20 2.20 2.00 3.50 3.75 2.40 2.00 2.80 2.40 3.60 2.40 3.00 2.00 2.00 2.60
 1253  0 14  .    .    .    .    .    .    .    .    .    .    .    .    .    .    .    .    .    .    .    .    .    .    .    .   1.50 2.75 4.00 3.00 4.00 1.20 2.20 3.40 1.80 1.00 2.80 3.00 1.50 3.00 4.00 3.00 4.00 1.00 2.20 4.00 1.60 1.00 3.40 2.20 1.60
 1254  0 16  .    .    .    .    .    .    .    .    .    .    .    .    .    .    .    .    .    .    .    .    .    .    .    .   3.50 3.75 4.00 3.80 4.00 3.20 3.60 3.80 3.60 1.67 3.20 3.40  .    .    .    .    .    .    .    .    .    .    .    .    .  
 1255  0 15  .    .    .    .    .    .    .    .    .    .    .    .    .    .    .    .    .    .    .    .    .    .    .    .   3.25 4.00 4.00 4.00 4.00 3.80 2.40 4.00 1.60 2.33 3.40 4.00 2.00 4.00 4.00 3.00 3.80 3.20 3.00 3.00 2.20 1.00 4.00 3.20 4.00
 1256  1 15  .    .    .    .    .    .    .    .    .    .    .    .    .    .    .    .    .    .    .    .    .    .    .    .    .    .    .    .    .    .    .    .    .    .    .    .   2.50 2.75 2.75 2.60 2.60 3.00 2.40 2.80 2.60 2.00 2.20 2.60 2.40
 1257  0 15  .    .    .    .    .    .    .    .    .    .    .    .    .    .    .    .    .    .    .    .    .    .    .    .    .    .    .    .    .    .    .    .    .    .    .    .   3.75 4.00 4.00 4.00 4.00 4.00 3.40 4.00 3.80 4.00 3.20 4.00 3.20
 1258  1 15  .    .    .    .    .    .    .    .    .    .    .    .    .    .    .    .    .    .    .    .    .    .    .    .    .    .    .    .    .    .    .    .    .    .    .    .   1.75 2.25 2.75 2.60 1.60 2.20 3.00 4.00 2.20 1.00 3.00 2.60 3.80
 1259  0 15  .    .    .    .    .    .    .    .    .    .    .    .    .    .    .    .    .    .    .    .    .    .    .    .    .    .    .    .    .    .    .    .    .    .    .    .   2.75 2.75 1.75 1.60 2.40 2.80 2.40 2.40 2.60 3.67 1.80 2.60 2.00
 1260  0 15  .    .    .    .    .    .    .    .    .    .    .    .    .    .    .    .    .    .    .    .    .    .    .    .    .    .    .    .    .    .    .    .    .    .    .    .   2.75 2.75 2.50 2.80 2.40 2.60 2.60 2.40 2.60 2.67 2.40 2.60 2.40
 1261  0 15  .    .    .    .    .    .    .    .    .    .    .    .    .    .    .    .    .    .    .    .    .    .    .    .    .    .    .    .    .    .    .    .    .    .    .    .   3.00 2.25 2.75 2.60 2.20 3.20 2.60 3.00 2.00 2.67 2.40 2.40 2.80
 1262  0 15  .    .    .    .    .    .    .    .    .    .    .    .    .    .    .    .    .    .    .    .    .    .    .    .    .    .    .    .    .    .    .    .    .    .    .    .   3.00 1.50 2.00 2.00 2.80 2.80 2.80 3.00 2.80 2.33 3.80 3.00 2.00
 1263  0 15  .    .    .    .    .    .    .    .    .    .    .    .    .    .    .    .    .    .    .    .    .    .    .    .    .    .    .    .    .    .    .    .    .    .    .    .   2.75 1.75 2.25 1.80 2.40 3.00 3.20 2.00 2.80 4.00 3.40 2.40 3.00
